Zig-Zag-2048
0,0,0,50.0,0.0,20.0,0.0,0.0,0.0,10.0,99.0,50.0,PrimBox,
1,1,0,50.0,99.0,20.0,0.0,0.0,0.0,10.0,99.0,50.0,PrimBox,
2,2,0,50.0,198.0,20.0,0.0,0.0,0.0,10.0,99.0,50.0,PrimBox,
3,3,0,50.0,297.0,20.0,0.0,0.0,0.0,10.0,99.0,50.0,PrimBox,
4,4,0,50.0,396.0,20.0,0.0,0.0,0.0,10.0,99.0,50.0,PrimBox,
5,5,0,50.0,495.0,20.0,0.0,0.0,0.0,10.0,99.0,50.0,PrimBox,
6,6,0,50.0,594.0,20.0,0.0,0.0,0.0,10.0,99.0,50.0,PrimBox,
7,7,0,50.0,693.0,20.0,0.0,0.0,0.0,10.0,99.0,50.0,PrimBox,
8,8,0,50.0,792.0,20.0,0.0,0.0,0.0,10.0,99.0,50.0,PrimBox,
9,9,0,50.0,891.0,20.0,0.0,0.0,0.0,10.0,99.0,50.0,PrimBox,
10,10,0,50.0,990.0,20.0,0.0,0.0,0.0,10.0,99.0,50.0,PrimBox,
11,11,0,50.0,1089.0,20.0,0.0,0.0,0.0,10.0,99.0,50.0,PrimBox,
12,12,0,50.0,1188.0,20.0,0.0,0.0,0.0,10.0,99.0,50.0,PrimBox,
13,13,0,50.0,1287.0,20.0,0.0,0.0,0.0,10.0,99.0,50.0,PrimBox,
14,14,0,50.0,1386.0,20.0,0.0,0.0,0.0,10.0,99.0,50.0,PrimBox,
15,15,0,50.0,1485.0,20.0,0.0,0.0,0.0,10.0,99.0,50.0,PrimBox,
16,16,0,50.0,1584.0,20.0,0.0,0.0,0.0,10.0,99.0,50.0,PrimBox,
17,17,0,50.0,1683.0,20.0,0.0,0.0,0.0,10.0,99.0,50.0,PrimBox,
18,18,0,50.0,1782.0,20.0,0.0,0.0,0.0,10.0,62.0,50.0,PrimCylinder,
18,18,0,150.0,0.0,20.0,0.0,0.0,0.0,10.0,99.0,50.0,PrimBox,
19,19,0,150.0,99.0,20.0,0.0,0.0,0.0,10.0,99.0,50.0,PrimBox,
20,20,0,150.0,198.0,20.0,0.0,0.0,0.0,10.0,99.0,50.0,PrimBox,
21,21,0,150.0,297.0,20.0,0.0,0.0,0.0,10.0,99.0,50.0,PrimBox,
22,22,0,150.0,396.0,20.0,0.0,0.0,0.0,10.0,99.0,50.0,PrimBox,
23,23,0,150.0,495.0,20.0,0.0,0.0,0.0,10.0,99.0,50.0,PrimBox,
24,24,0,150.0,594.0,20.0,0.0,0.0,0.0,10.0,99.0,50.0,PrimBox,
25,25,0,150.0,693.0,20.0,0.0,0.0,0.0,10.0,99.0,50.0,PrimBox,
26,26,0,150.0,792.0,20.0,0.0,0.0,0.0,10.0,99.0,50.0,PrimBox,
27,27,0,150.0,891.0,20.0,0.0,0.0,0.0,10.0,99.0,50.0,PrimBox,
28,28,0,150.0,990.0,20.0,0.0,0.0,0.0,10.0,99.0,50.0,PrimBox,
29,29,0,150.0,1089.0,20.0,0.0,0.0,0.0,10.0,99.0,50.0,PrimBox,
30,30,0,150.0,1188.0,20.0,0.0,0.0,0.0,10.0,99.0,50.0,PrimBox,
31,31,0,150.0,1287.0,20.0,0.0,0.0,0.0,10.0,99.0,50.0,PrimBox,
32,32,0,150.0,1386.0,20.0,0.0,0.0,0.0,10.0,99.0,50.0,PrimBox,
33,33,0,150.0,1485.0,20.0,0.0,0.0,0.0,10.0,99.0,50.0,PrimBox,
34,34,0,150.0,1584.0,20.0,0.0,0.0,0.0,10.0,99.0,50.0,PrimBox,
35,35,0,150.0,1683.0,20.0,0.0,0.0,0.0,10.0,99.0,50.0,PrimBox,
36,36,0,150.0,1782.0,20.0,0.0,0.0,0.0,10.0,62.0,50.0,PrimCylinder,
36,36,0,250.0,0.0,20.0,0.0,0.0,0.0,10.0,99.0,50.0,PrimBox,
37,37,0,250.0,99.0,20.0,0.0,0.0,0.0,10.0,99.0,50.0,PrimBox,
38,38,0,250.0,198.0,20.0,0.0,0.0,0.0,10.0,99.0,50.0,PrimBox,
39,39,0,250.0,297.0,20.0,0.0,0.0,0.0,10.0,99.0,50.0,PrimBox,
40,40,0,250.0,396.0,20.0,0.0,0.0,0.0,10.0,99.0,50.0,PrimBox,
41,41,0,250.0,495.0,20.0,0.0,0.0,0.0,10.0,99.0,50.0,PrimBox,
42,42,0,250.0,594.0,20.0,0.0,0.0,0.0,10.0,99.0,50.0,PrimBox,
43,43,0,250.0,693.0,20.0,0.0,0.0,0.0,10.0,99.0,50.0,PrimBox,
44,44,0,250.0,792.0,20.0,0.0,0.0,0.0,10.0,99.0,50.0,PrimBox,
45,45,0,250.0,891.0,20.0,0.0,0.0,0.0,10.0,99.0,50.0,PrimBox,
46,46,0,250.0,990.0,20.0,0.0,0.0,0.0,10.0,99.0,50.0,PrimBox,
47,47,0,250.0,1089.0,20.0,0.0,0.0,0.0,10.0,99.0,50.0,PrimBox,
48,48,0,250.0,1188.0,20.0,0.0,0.0,0.0,10.0,99.0,50.0,PrimBox,
49,49,0,250.0,1287.0,20.0,0.0,0.0,0.0,10.0,99.0,50.0,PrimBox,
50,50,0,250.0,1386.0,20.0,0.0,0.0,0.0,10.0,99.0,50.0,PrimBox,
51,51,0,250.0,1485.0,20.0,0.0,0.0,0.0,10.0,99.0,50.0,PrimBox,
52,52,0,250.0,1584.0,20.0,0.0,0.0,0.0,10.0,99.0,50.0,PrimBox,
53,53,0,250.0,1683.0,20.0,0.0,0.0,0.0,10.0,99.0,50.0,PrimBox,
54,54,0,250.0,1782.0,20.0,0.0,0.0,0.0,10.0,62.0,50.0,PrimCylinder,
54,54,0,350.0,0.0,20.0,0.0,0.0,0.0,10.0,99.0,50.0,PrimBox,
55,55,0,350.0,99.0,20.0,0.0,0.0,0.0,10.0,99.0,50.0,PrimBox,
56,56,0,350.0,198.0,20.0,0.0,0.0,0.0,10.0,99.0,50.0,PrimBox,
57,57,0,350.0,297.0,20.0,0.0,0.0,0.0,10.0,99.0,50.0,PrimBox,
58,58,0,350.0,396.0,20.0,0.0,0.0,0.0,10.0,99.0,50.0,PrimBox,
59,59,0,350.0,495.0,20.0,0.0,0.0,0.0,10.0,99.0,50.0,PrimBox,
60,60,0,350.0,594.0,20.0,0.0,0.0,0.0,10.0,99.0,50.0,PrimBox,
61,61,0,350.0,693.0,20.0,0.0,0.0,0.0,10.0,99.0,50.0,PrimBox,
62,62,0,350.0,792.0,20.0,0.0,0.0,0.0,10.0,99.0,50.0,PrimBox,
63,63,0,350.0,891.0,20.0,0.0,0.0,0.0,10.0,99.0,50.0,PrimBox,
64,64,0,350.0,990.0,20.0,0.0,0.0,0.0,10.0,99.0,50.0,PrimBox,
65,65,0,350.0,1089.0,20.0,0.0,0.0,0.0,10.0,99.0,50.0,PrimBox,
66,66,0,350.0,1188.0,20.0,0.0,0.0,0.0,10.0,99.0,50.0,PrimBox,
67,67,0,350.0,1287.0,20.0,0.0,0.0,0.0,10.0,99.0,50.0,PrimBox,
68,68,0,350.0,1386.0,20.0,0.0,0.0,0.0,10.0,99.0,50.0,PrimBox,
69,69,0,350.0,1485.0,20.0,0.0,0.0,0.0,10.0,99.0,50.0,PrimBox,
70,70,0,350.0,1584.0,20.0,0.0,0.0,0.0,10.0,99.0,50.0,PrimBox,
71,71,0,350.0,1683.0,20.0,0.0,0.0,0.0,10.0,99.0,50.0,PrimBox,
72,72,0,350.0,1782.0,20.0,0.0,0.0,0.0,10.0,62.0,50.0,PrimCylinder,
72,72,0,450.0,0.0,20.0,0.0,0.0,0.0,10.0,99.0,50.0,PrimBox,
73,73,0,450.0,99.0,20.0,0.0,0.0,0.0,10.0,99.0,50.0,PrimBox,
74,74,0,450.0,198.0,20.0,0.0,0.0,0.0,10.0,99.0,50.0,PrimBox,
75,75,0,450.0,297.0,20.0,0.0,0.0,0.0,10.0,99.0,50.0,PrimBox,
76,76,0,450.0,396.0,20.0,0.0,0.0,0.0,10.0,99.0,50.0,PrimBox,
77,77,0,450.0,495.0,20.0,0.0,0.0,0.0,10.0,99.0,50.0,PrimBox,
78,78,0,450.0,594.0,20.0,0.0,0.0,0.0,10.0,99.0,50.0,PrimBox,
79,79,0,450.0,693.0,20.0,0.0,0.0,0.0,10.0,99.0,50.0,PrimBox,
80,80,0,450.0,792.0,20.0,0.0,0.0,0.0,10.0,99.0,50.0,PrimBox,
81,81,0,450.0,891.0,20.0,0.0,0.0,0.0,10.0,99.0,50.0,PrimBox,
82,82,0,450.0,990.0,20.0,0.0,0.0,0.0,10.0,99.0,50.0,PrimBox,
83,83,0,450.0,1089.0,20.0,0.0,0.0,0.0,10.0,99.0,50.0,PrimBox,
84,84,0,450.0,1188.0,20.0,0.0,0.0,0.0,10.0,99.0,50.0,PrimBox,
85,85,0,450.0,1287.0,20.0,0.0,0.0,0.0,10.0,99.0,50.0,PrimBox,
86,86,0,450.0,1386.0,20.0,0.0,0.0,0.0,10.0,99.0,50.0,PrimBox,
87,87,0,450.0,1485.0,20.0,0.0,0.0,0.0,10.0,99.0,50.0,PrimBox,
88,88,0,450.0,1584.0,20.0,0.0,0.0,0.0,10.0,99.0,50.0,PrimBox,
89,89,0,450.0,1683.0,20.0,0.0,0.0,0.0,10.0,99.0,50.0,PrimBox,
90,90,0,450.0,1782.0,20.0,0.0,0.0,0.0,10.0,62.0,50.0,PrimCylinder,
90,90,0,550.0,0.0,20.0,0.0,0.0,0.0,10.0,99.0,50.0,PrimBox,
91,91,0,550.0,99.0,20.0,0.0,0.0,0.0,10.0,99.0,50.0,PrimBox,
92,92,0,550.0,198.0,20.0,0.0,0.0,0.0,10.0,99.0,50.0,PrimBox,
93,93,0,550.0,297.0,20.0,0.0,0.0,0.0,10.0,99.0,50.0,PrimBox,
94,94,0,550.0,396.0,20.0,0.0,0.0,0.0,10.0,99.0,50.0,PrimBox,
95,95,0,550.0,495.0,20.0,0.0,0.0,0.0,10.0,99.0,50.0,PrimBox,
96,96,0,550.0,594.0,20.0,0.0,0.0,0.0,10.0,99.0,50.0,PrimBox,
97,97,0,550.0,693.0,20.0,0.0,0.0,0.0,10.0,99.0,50.0,PrimBox,
98,98,0,550.0,792.0,20.0,0.0,0.0,0.0,10.0,99.0,50.0,PrimBox,
99,99,0,550.0,891.0,20.0,0.0,0.0,0.0,10.0,99.0,50.0,PrimBox,
100,100,0,550.0,990.0,20.0,0.0,0.0,0.0,10.0,99.0,50.0,PrimBox,
101,101,0,550.0,1089.0,20.0,0.0,0.0,0.0,10.0,99.0,50.0,PrimBox,
102,102,0,550.0,1188.0,20.0,0.0,0.0,0.0,10.0,99.0,50.0,PrimBox,
103,103,0,550.0,1287.0,20.0,0.0,0.0,0.0,10.0,99.0,50.0,PrimBox,
104,104,0,550.0,1386.0,20.0,0.0,0.0,0.0,10.0,99.0,50.0,PrimBox,
105,105,0,550.0,1485.0,20.0,0.0,0.0,0.0,10.0,99.0,50.0,PrimBox,
106,106,0,550.0,1584.0,20.0,0.0,0.0,0.0,10.0,99.0,50.0,PrimBox,
107,107,0,550.0,1683.0,20.0,0.0,0.0,0.0,10.0,99.0,50.0,PrimBox,
108,108,0,550.0,1782.0,20.0,0.0,0.0,0.0,10.0,62.0,50.0,PrimCylinder,
108,108,0,650.0,0.0,20.0,0.0,0.0,0.0,10.0,99.0,50.0,PrimBox,
109,109,0,650.0,99.0,20.0,0.0,0.0,0.0,10.0,99.0,50.0,PrimBox,
110,110,0,650.0,198.0,20.0,0.0,0.0,0.0,10.0,99.0,50.0,PrimBox,
111,111,0,650.0,297.0,20.0,0.0,0.0,0.0,10.0,99.0,50.0,PrimBox,
112,112,0,650.0,396.0,20.0,0.0,0.0,0.0,10.0,99.0,50.0,PrimBox,
113,113,0,650.0,495.0,20.0,0.0,0.0,0.0,10.0,99.0,50.0,PrimBox,
114,114,0,650.0,594.0,20.0,0.0,0.0,0.0,10.0,99.0,50.0,PrimBox,
115,115,0,650.0,693.0,20.0,0.0,0.0,0.0,10.0,99.0,50.0,PrimBox,
116,116,0,650.0,792.0,20.0,0.0,0.0,0.0,10.0,99.0,50.0,PrimBox,
117,117,0,650.0,891.0,20.0,0.0,0.0,0.0,10.0,99.0,50.0,PrimBox,
118,118,0,650.0,990.0,20.0,0.0,0.0,0.0,10.0,99.0,50.0,PrimBox,
119,119,0,650.0,1089.0,20.0,0.0,0.0,0.0,10.0,99.0,50.0,PrimBox,
120,120,0,650.0,1188.0,20.0,0.0,0.0,0.0,10.0,99.0,50.0,PrimBox,
121,121,0,650.0,1287.0,20.0,0.0,0.0,0.0,10.0,99.0,50.0,PrimBox,
122,122,0,650.0,1386.0,20.0,0.0,0.0,0.0,10.0,99.0,50.0,PrimBox,
123,123,0,650.0,1485.0,20.0,0.0,0.0,0.0,10.0,99.0,50.0,PrimBox,
124,124,0,650.0,1584.0,20.0,0.0,0.0,0.0,10.0,99.0,50.0,PrimBox,
125,125,0,650.0,1683.0,20.0,0.0,0.0,0.0,10.0,99.0,50.0,PrimBox,
126,126,0,650.0,1782.0,20.0,0.0,0.0,0.0,10.0,62.0,50.0,PrimCylinder,
126,126,0,750.0,0.0,20.0,0.0,0.0,0.0,10.0,99.0,50.0,PrimBox,
127,127,0,750.0,99.0,20.0,0.0,0.0,0.0,10.0,99.0,50.0,PrimBox,
128,128,0,750.0,198.0,20.0,0.0,0.0,0.0,10.0,99.0,50.0,PrimBox,
129,129,0,750.0,297.0,20.0,0.0,0.0,0.0,10.0,99.0,50.0,PrimBox,
130,130,0,750.0,396.0,20.0,0.0,0.0,0.0,10.0,99.0,50.0,PrimBox,
131,131,0,750.0,495.0,20.0,0.0,0.0,0.0,10.0,99.0,50.0,PrimBox,
132,132,0,750.0,594.0,20.0,0.0,0.0,0.0,10.0,99.0,50.0,PrimBox,
133,133,0,750.0,693.0,20.0,0.0,0.0,0.0,10.0,99.0,50.0,PrimBox,
134,134,0,750.0,792.0,20.0,0.0,0.0,0.0,10.0,99.0,50.0,PrimBox,
135,135,0,750.0,891.0,20.0,0.0,0.0,0.0,10.0,99.0,50.0,PrimBox,
136,136,0,750.0,990.0,20.0,0.0,0.0,0.0,10.0,99.0,50.0,PrimBox,
137,137,0,750.0,1089.0,20.0,0.0,0.0,0.0,10.0,99.0,50.0,PrimBox,
138,138,0,750.0,1188.0,20.0,0.0,0.0,0.0,10.0,99.0,50.0,PrimBox,
139,139,0,750.0,1287.0,20.0,0.0,0.0,0.0,10.0,99.0,50.0,PrimBox,
140,140,0,750.0,1386.0,20.0,0.0,0.0,0.0,10.0,99.0,50.0,PrimBox,
141,141,0,750.0,1485.0,20.0,0.0,0.0,0.0,10.0,99.0,50.0,PrimBox,
142,142,0,750.0,1584.0,20.0,0.0,0.0,0.0,10.0,99.0,50.0,PrimBox,
143,143,0,750.0,1683.0,20.0,0.0,0.0,0.0,10.0,99.0,50.0,PrimBox,
144,144,0,750.0,1782.0,20.0,0.0,0.0,0.0,10.0,62.0,50.0,PrimCylinder,
144,144,0,850.0,0.0,20.0,0.0,0.0,0.0,10.0,99.0,50.0,PrimBox,
145,145,0,850.0,99.0,20.0,0.0,0.0,0.0,10.0,99.0,50.0,PrimBox,
146,146,0,850.0,198.0,20.0,0.0,0.0,0.0,10.0,99.0,50.0,PrimBox,
147,147,0,850.0,297.0,20.0,0.0,0.0,0.0,10.0,99.0,50.0,PrimBox,
148,148,0,850.0,396.0,20.0,0.0,0.0,0.0,10.0,99.0,50.0,PrimBox,
149,149,0,850.0,495.0,20.0,0.0,0.0,0.0,10.0,99.0,50.0,PrimBox,
150,150,0,850.0,594.0,20.0,0.0,0.0,0.0,10.0,99.0,50.0,PrimBox,
151,151,0,850.0,693.0,20.0,0.0,0.0,0.0,10.0,99.0,50.0,PrimBox,
152,152,0,850.0,792.0,20.0,0.0,0.0,0.0,10.0,99.0,50.0,PrimBox,
153,153,0,850.0,891.0,20.0,0.0,0.0,0.0,10.0,99.0,50.0,PrimBox,
154,154,0,850.0,990.0,20.0,0.0,0.0,0.0,10.0,99.0,50.0,PrimBox,
155,155,0,850.0,1089.0,20.0,0.0,0.0,0.0,10.0,99.0,50.0,PrimBox,
156,156,0,850.0,1188.0,20.0,0.0,0.0,0.0,10.0,99.0,50.0,PrimBox,
157,157,0,850.0,1287.0,20.0,0.0,0.0,0.0,10.0,99.0,50.0,PrimBox,
158,158,0,850.0,1386.0,20.0,0.0,0.0,0.0,10.0,99.0,50.0,PrimBox,
159,159,0,850.0,1485.0,20.0,0.0,0.0,0.0,10.0,99.0,50.0,PrimBox,
160,160,0,850.0,1584.0,20.0,0.0,0.0,0.0,10.0,99.0,50.0,PrimBox,
161,161,0,850.0,1683.0,20.0,0.0,0.0,0.0,10.0,99.0,50.0,PrimBox,
162,162,0,850.0,1782.0,20.0,0.0,0.0,0.0,10.0,62.0,50.0,PrimCylinder,
162,162,0,950.0,0.0,20.0,0.0,0.0,0.0,10.0,99.0,50.0,PrimBox,
163,163,0,950.0,99.0,20.0,0.0,0.0,0.0,10.0,99.0,50.0,PrimBox,
164,164,0,950.0,198.0,20.0,0.0,0.0,0.0,10.0,99.0,50.0,PrimBox,
165,165,0,950.0,297.0,20.0,0.0,0.0,0.0,10.0,99.0,50.0,PrimBox,
166,166,0,950.0,396.0,20.0,0.0,0.0,0.0,10.0,99.0,50.0,PrimBox,
167,167,0,950.0,495.0,20.0,0.0,0.0,0.0,10.0,99.0,50.0,PrimBox,
168,168,0,950.0,594.0,20.0,0.0,0.0,0.0,10.0,99.0,50.0,PrimBox,
169,169,0,950.0,693.0,20.0,0.0,0.0,0.0,10.0,99.0,50.0,PrimBox,
170,170,0,950.0,792.0,20.0,0.0,0.0,0.0,10.0,99.0,50.0,PrimBox,
171,171,0,950.0,891.0,20.0,0.0,0.0,0.0,10.0,99.0,50.0,PrimBox,
172,172,0,950.0,990.0,20.0,0.0,0.0,0.0,10.0,99.0,50.0,PrimBox,
173,173,0,950.0,1089.0,20.0,0.0,0.0,0.0,10.0,99.0,50.0,PrimBox,
174,174,0,950.0,1188.0,20.0,0.0,0.0,0.0,10.0,99.0,50.0,PrimBox,
175,175,0,950.0,1287.0,20.0,0.0,0.0,0.0,10.0,99.0,50.0,PrimBox,
176,176,0,950.0,1386.0,20.0,0.0,0.0,0.0,10.0,99.0,50.0,PrimBox,
177,177,0,950.0,1485.0,20.0,0.0,0.0,0.0,10.0,99.0,50.0,PrimBox,
178,178,0,950.0,1584.0,20.0,0.0,0.0,0.0,10.0,99.0,50.0,PrimBox,
179,179,0,950.0,1683.0,20.0,0.0,0.0,0.0,10.0,99.0,50.0,PrimBox,
180,180,0,950.0,1782.0,20.0,0.0,0.0,0.0,10.0,62.0,50.0,PrimCylinder,
180,180,0,1050.0,0.0,20.0,0.0,0.0,0.0,10.0,99.0,50.0,PrimBox,
181,181,0,1050.0,99.0,20.0,0.0,0.0,0.0,10.0,99.0,50.0,PrimBox,
182,182,0,1050.0,198.0,20.0,0.0,0.0,0.0,10.0,99.0,50.0,PrimBox,
183,183,0,1050.0,297.0,20.0,0.0,0.0,0.0,10.0,99.0,50.0,PrimBox,
184,184,0,1050.0,396.0,20.0,0.0,0.0,0.0,10.0,99.0,50.0,PrimBox,
185,185,0,1050.0,495.0,20.0,0.0,0.0,0.0,10.0,99.0,50.0,PrimBox,
186,186,0,1050.0,594.0,20.0,0.0,0.0,0.0,10.0,99.0,50.0,PrimBox,
187,187,0,1050.0,693.0,20.0,0.0,0.0,0.0,10.0,99.0,50.0,PrimBox,
188,188,0,1050.0,792.0,20.0,0.0,0.0,0.0,10.0,99.0,50.0,PrimBox,
189,189,0,1050.0,891.0,20.0,0.0,0.0,0.0,10.0,99.0,50.0,PrimBox,
190,190,0,1050.0,990.0,20.0,0.0,0.0,0.0,10.0,99.0,50.0,PrimBox,
191,191,0,1050.0,1089.0,20.0,0.0,0.0,0.0,10.0,99.0,50.0,PrimBox,
192,192,0,1050.0,1188.0,20.0,0.0,0.0,0.0,10.0,99.0,50.0,PrimBox,
193,193,0,1050.0,1287.0,20.0,0.0,0.0,0.0,10.0,99.0,50.0,PrimBox,
194,194,0,1050.0,1386.0,20.0,0.0,0.0,0.0,10.0,99.0,50.0,PrimBox,
195,195,0,1050.0,1485.0,20.0,0.0,0.0,0.0,10.0,99.0,50.0,PrimBox,
196,196,0,1050.0,1584.0,20.0,0.0,0.0,0.0,10.0,99.0,50.0,PrimBox,
197,197,0,1050.0,1683.0,20.0,0.0,0.0,0.0,10.0,99.0,50.0,PrimBox,
198,198,0,1050.0,1782.0,20.0,0.0,0.0,0.0,10.0,62.0,50.0,PrimCylinder,
198,198,0,1150.0,0.0,20.0,0.0,0.0,0.0,10.0,99.0,50.0,PrimBox,
199,199,0,1150.0,99.0,20.0,0.0,0.0,0.0,10.0,99.0,50.0,PrimBox,
200,200,0,1150.0,198.0,20.0,0.0,0.0,0.0,10.0,99.0,50.0,PrimBox,
201,201,0,1150.0,297.0,20.0,0.0,0.0,0.0,10.0,99.0,50.0,PrimBox,
202,202,0,1150.0,396.0,20.0,0.0,0.0,0.0,10.0,99.0,50.0,PrimBox,
203,203,0,1150.0,495.0,20.0,0.0,0.0,0.0,10.0,99.0,50.0,PrimBox,
204,204,0,1150.0,594.0,20.0,0.0,0.0,0.0,10.0,99.0,50.0,PrimBox,
205,205,0,1150.0,693.0,20.0,0.0,0.0,0.0,10.0,99.0,50.0,PrimBox,
206,206,0,1150.0,792.0,20.0,0.0,0.0,0.0,10.0,99.0,50.0,PrimBox,
207,207,0,1150.0,891.0,20.0,0.0,0.0,0.0,10.0,99.0,50.0,PrimBox,
208,208,0,1150.0,990.0,20.0,0.0,0.0,0.0,10.0,99.0,50.0,PrimBox,
209,209,0,1150.0,1089.0,20.0,0.0,0.0,0.0,10.0,99.0,50.0,PrimBox,
210,210,0,1150.0,1188.0,20.0,0.0,0.0,0.0,10.0,99.0,50.0,PrimBox,
211,211,0,1150.0,1287.0,20.0,0.0,0.0,0.0,10.0,99.0,50.0,PrimBox,
212,212,0,1150.0,1386.0,20.0,0.0,0.0,0.0,10.0,99.0,50.0,PrimBox,
213,213,0,1150.0,1485.0,20.0,0.0,0.0,0.0,10.0,99.0,50.0,PrimBox,
214,214,0,1150.0,1584.0,20.0,0.0,0.0,0.0,10.0,99.0,50.0,PrimBox,
215,215,0,1150.0,1683.0,20.0,0.0,0.0,0.0,10.0,99.0,50.0,PrimBox,
216,216,0,1150.0,1782.0,20.0,0.0,0.0,0.0,10.0,62.0,50.0,PrimCylinder,
216,216,0,1250.0,0.0,20.0,0.0,0.0,0.0,10.0,99.0,50.0,PrimBox,
217,217,0,1250.0,99.0,20.0,0.0,0.0,0.0,10.0,99.0,50.0,PrimBox,
218,218,0,1250.0,198.0,20.0,0.0,0.0,0.0,10.0,99.0,50.0,PrimBox,
219,219,0,1250.0,297.0,20.0,0.0,0.0,0.0,10.0,99.0,50.0,PrimBox,
220,220,0,1250.0,396.0,20.0,0.0,0.0,0.0,10.0,99.0,50.0,PrimBox,
221,221,0,1250.0,495.0,20.0,0.0,0.0,0.0,10.0,99.0,50.0,PrimBox,
222,222,0,1250.0,594.0,20.0,0.0,0.0,0.0,10.0,99.0,50.0,PrimBox,
223,223,0,1250.0,693.0,20.0,0.0,0.0,0.0,10.0,99.0,50.0,PrimBox,
224,224,0,1250.0,792.0,20.0,0.0,0.0,0.0,10.0,99.0,50.0,PrimBox,
225,225,0,1250.0,891.0,20.0,0.0,0.0,0.0,10.0,99.0,50.0,PrimBox,
226,226,0,1250.0,990.0,20.0,0.0,0.0,0.0,10.0,99.0,50.0,PrimBox,
227,227,0,1250.0,1089.0,20.0,0.0,0.0,0.0,10.0,99.0,50.0,PrimBox,
228,228,0,1250.0,1188.0,20.0,0.0,0.0,0.0,10.0,99.0,50.0,PrimBox,
229,229,0,1250.0,1287.0,20.0,0.0,0.0,0.0,10.0,99.0,50.0,PrimBox,
230,230,0,1250.0,1386.0,20.0,0.0,0.0,0.0,10.0,99.0,50.0,PrimBox,
231,231,0,1250.0,1485.0,20.0,0.0,0.0,0.0,10.0,99.0,50.0,PrimBox,
232,232,0,1250.0,1584.0,20.0,0.0,0.0,0.0,10.0,99.0,50.0,PrimBox,
233,233,0,1250.0,1683.0,20.0,0.0,0.0,0.0,10.0,99.0,50.0,PrimBox,
234,234,0,1250.0,1782.0,20.0,0.0,0.0,0.0,10.0,62.0,50.0,PrimCylinder,
234,234,0,1350.0,0.0,20.0,0.0,0.0,0.0,10.0,99.0,50.0,PrimBox,
235,235,0,1350.0,99.0,20.0,0.0,0.0,0.0,10.0,99.0,50.0,PrimBox,
236,236,0,1350.0,198.0,20.0,0.0,0.0,0.0,10.0,99.0,50.0,PrimBox,
237,237,0,1350.0,297.0,20.0,0.0,0.0,0.0,10.0,99.0,50.0,PrimBox,
238,238,0,1350.0,396.0,20.0,0.0,0.0,0.0,10.0,99.0,50.0,PrimBox,
239,239,0,1350.0,495.0,20.0,0.0,0.0,0.0,10.0,99.0,50.0,PrimBox,
240,240,0,1350.0,594.0,20.0,0.0,0.0,0.0,10.0,99.0,50.0,PrimBox,
241,241,0,1350.0,693.0,20.0,0.0,0.0,0.0,10.0,99.0,50.0,PrimBox,
242,242,0,1350.0,792.0,20.0,0.0,0.0,0.0,10.0,99.0,50.0,PrimBox,
243,243,0,1350.0,891.0,20.0,0.0,0.0,0.0,10.0,99.0,50.0,PrimBox,
244,244,0,1350.0,990.0,20.0,0.0,0.0,0.0,10.0,99.0,50.0,PrimBox,
245,245,0,1350.0,1089.0,20.0,0.0,0.0,0.0,10.0,99.0,50.0,PrimBox,
246,246,0,1350.0,1188.0,20.0,0.0,0.0,0.0,10.0,99.0,50.0,PrimBox,
247,247,0,1350.0,1287.0,20.0,0.0,0.0,0.0,10.0,99.0,50.0,PrimBox,
248,248,0,1350.0,1386.0,20.0,0.0,0.0,0.0,10.0,99.0,50.0,PrimBox,
249,249,0,1350.0,1485.0,20.0,0.0,0.0,0.0,10.0,99.0,50.0,PrimBox,
250,250,0,1350.0,1584.0,20.0,0.0,0.0,0.0,10.0,99.0,50.0,PrimBox,
251,251,0,1350.0,1683.0,20.0,0.0,0.0,0.0,10.0,99.0,50.0,PrimBox,
252,252,0,1350.0,1782.0,20.0,0.0,0.0,0.0,10.0,62.0,50.0,PrimCylinder,
252,252,0,1450.0,0.0,20.0,0.0,0.0,0.0,10.0,99.0,50.0,PrimBox,
253,253,0,1450.0,99.0,20.0,0.0,0.0,0.0,10.0,99.0,50.0,PrimBox,
254,254,0,1450.0,198.0,20.0,0.0,0.0,0.0,10.0,99.0,50.0,PrimBox,
255,255,0,1450.0,297.0,20.0,0.0,0.0,0.0,10.0,99.0,50.0,PrimBox,
256,256,0,1450.0,396.0,20.0,0.0,0.0,0.0,10.0,99.0,50.0,PrimBox,
257,257,0,1450.0,495.0,20.0,0.0,0.0,0.0,10.0,99.0,50.0,PrimBox,
258,258,0,1450.0,594.0,20.0,0.0,0.0,0.0,10.0,99.0,50.0,PrimBox,
259,259,0,1450.0,693.0,20.0,0.0,0.0,0.0,10.0,99.0,50.0,PrimBox,
260,260,0,1450.0,792.0,20.0,0.0,0.0,0.0,10.0,99.0,50.0,PrimBox,
261,261,0,1450.0,891.0,20.0,0.0,0.0,0.0,10.0,99.0,50.0,PrimBox,
262,262,0,1450.0,990.0,20.0,0.0,0.0,0.0,10.0,99.0,50.0,PrimBox,
263,263,0,1450.0,1089.0,20.0,0.0,0.0,0.0,10.0,99.0,50.0,PrimBox,
264,264,0,1450.0,1188.0,20.0,0.0,0.0,0.0,10.0,99.0,50.0,PrimBox,
265,265,0,1450.0,1287.0,20.0,0.0,0.0,0.0,10.0,99.0,50.0,PrimBox,
266,266,0,1450.0,1386.0,20.0,0.0,0.0,0.0,10.0,99.0,50.0,PrimBox,
267,267,0,1450.0,1485.0,20.0,0.0,0.0,0.0,10.0,99.0,50.0,PrimBox,
268,268,0,1450.0,1584.0,20.0,0.0,0.0,0.0,10.0,99.0,50.0,PrimBox,
269,269,0,1450.0,1683.0,20.0,0.0,0.0,0.0,10.0,99.0,50.0,PrimBox,
270,270,0,1450.0,1782.0,20.0,0.0,0.0,0.0,10.0,62.0,50.0,PrimCylinder,
270,270,0,1550.0,0.0,20.0,0.0,0.0,0.0,10.0,99.0,50.0,PrimBox,
271,271,0,1550.0,99.0,20.0,0.0,0.0,0.0,10.0,99.0,50.0,PrimBox,
272,272,0,1550.0,198.0,20.0,0.0,0.0,0.0,10.0,99.0,50.0,PrimBox,
273,273,0,1550.0,297.0,20.0,0.0,0.0,0.0,10.0,99.0,50.0,PrimBox,
274,274,0,1550.0,396.0,20.0,0.0,0.0,0.0,10.0,99.0,50.0,PrimBox,
275,275,0,1550.0,495.0,20.0,0.0,0.0,0.0,10.0,99.0,50.0,PrimBox,
276,276,0,1550.0,594.0,20.0,0.0,0.0,0.0,10.0,99.0,50.0,PrimBox,
277,277,0,1550.0,693.0,20.0,0.0,0.0,0.0,10.0,99.0,50.0,PrimBox,
278,278,0,1550.0,792.0,20.0,0.0,0.0,0.0,10.0,99.0,50.0,PrimBox,
279,279,0,1550.0,891.0,20.0,0.0,0.0,0.0,10.0,99.0,50.0,PrimBox,
280,280,0,1550.0,990.0,20.0,0.0,0.0,0.0,10.0,99.0,50.0,PrimBox,
281,281,0,1550.0,1089.0,20.0,0.0,0.0,0.0,10.0,99.0,50.0,PrimBox,
282,282,0,1550.0,1188.0,20.0,0.0,0.0,0.0,10.0,99.0,50.0,PrimBox,
283,283,0,1550.0,1287.0,20.0,0.0,0.0,0.0,10.0,99.0,50.0,PrimBox,
284,284,0,1550.0,1386.0,20.0,0.0,0.0,0.0,10.0,99.0,50.0,PrimBox,
285,285,0,1550.0,1485.0,20.0,0.0,0.0,0.0,10.0,99.0,50.0,PrimBox,
286,286,0,1550.0,1584.0,20.0,0.0,0.0,0.0,10.0,99.0,50.0,PrimBox,
287,287,0,1550.0,1683.0,20.0,0.0,0.0,0.0,10.0,99.0,50.0,PrimBox,
288,288,0,1550.0,1782.0,20.0,0.0,0.0,0.0,10.0,62.0,50.0,PrimCylinder,
288,288,0,1650.0,0.0,20.0,0.0,0.0,0.0,10.0,99.0,50.0,PrimBox,
289,289,0,1650.0,99.0,20.0,0.0,0.0,0.0,10.0,99.0,50.0,PrimBox,
290,290,0,1650.0,198.0,20.0,0.0,0.0,0.0,10.0,99.0,50.0,PrimBox,
291,291,0,1650.0,297.0,20.0,0.0,0.0,0.0,10.0,99.0,50.0,PrimBox,
292,292,0,1650.0,396.0,20.0,0.0,0.0,0.0,10.0,99.0,50.0,PrimBox,
293,293,0,1650.0,495.0,20.0,0.0,0.0,0.0,10.0,99.0,50.0,PrimBox,
294,294,0,1650.0,594.0,20.0,0.0,0.0,0.0,10.0,99.0,50.0,PrimBox,
295,295,0,1650.0,693.0,20.0,0.0,0.0,0.0,10.0,99.0,50.0,PrimBox,
296,296,0,1650.0,792.0,20.0,0.0,0.0,0.0,10.0,99.0,50.0,PrimBox,
297,297,0,1650.0,891.0,20.0,0.0,0.0,0.0,10.0,99.0,50.0,PrimBox,
298,298,0,1650.0,990.0,20.0,0.0,0.0,0.0,10.0,99.0,50.0,PrimBox,
299,299,0,1650.0,1089.0,20.0,0.0,0.0,0.0,10.0,99.0,50.0,PrimBox,
300,300,0,1650.0,1188.0,20.0,0.0,0.0,0.0,10.0,99.0,50.0,PrimBox,
301,301,0,1650.0,1287.0,20.0,0.0,0.0,0.0,10.0,99.0,50.0,PrimBox,
302,302,0,1650.0,1386.0,20.0,0.0,0.0,0.0,10.0,99.0,50.0,PrimBox,
303,303,0,1650.0,1485.0,20.0,0.0,0.0,0.0,10.0,99.0,50.0,PrimBox,
304,304,0,1650.0,1584.0,20.0,0.0,0.0,0.0,10.0,99.0,50.0,PrimBox,
305,305,0,1650.0,1683.0,20.0,0.0,0.0,0.0,10.0,99.0,50.0,PrimBox,
306,306,0,1650.0,1782.0,20.0,0.0,0.0,0.0,10.0,62.0,50.0,PrimCylinder,
306,306,0,1750.0,0.0,20.0,0.0,0.0,0.0,10.0,99.0,50.0,PrimBox,
307,307,0,1750.0,99.0,20.0,0.0,0.0,0.0,10.0,99.0,50.0,PrimBox,
308,308,0,1750.0,198.0,20.0,0.0,0.0,0.0,10.0,99.0,50.0,PrimBox,
309,309,0,1750.0,297.0,20.0,0.0,0.0,0.0,10.0,99.0,50.0,PrimBox,
310,310,0,1750.0,396.0,20.0,0.0,0.0,0.0,10.0,99.0,50.0,PrimBox,
311,311,0,1750.0,495.0,20.0,0.0,0.0,0.0,10.0,99.0,50.0,PrimBox,
312,312,0,1750.0,594.0,20.0,0.0,0.0,0.0,10.0,99.0,50.0,PrimBox,
313,313,0,1750.0,693.0,20.0,0.0,0.0,0.0,10.0,99.0,50.0,PrimBox,
314,314,0,1750.0,792.0,20.0,0.0,0.0,0.0,10.0,99.0,50.0,PrimBox,
315,315,0,1750.0,891.0,20.0,0.0,0.0,0.0,10.0,99.0,50.0,PrimBox,
316,316,0,1750.0,990.0,20.0,0.0,0.0,0.0,10.0,99.0,50.0,PrimBox,
317,317,0,1750.0,1089.0,20.0,0.0,0.0,0.0,10.0,99.0,50.0,PrimBox,
318,318,0,1750.0,1188.0,20.0,0.0,0.0,0.0,10.0,99.0,50.0,PrimBox,
319,319,0,1750.0,1287.0,20.0,0.0,0.0,0.0,10.0,99.0,50.0,PrimBox,
320,320,0,1750.0,1386.0,20.0,0.0,0.0,0.0,10.0,99.0,50.0,PrimBox,
321,321,0,1750.0,1485.0,20.0,0.0,0.0,0.0,10.0,99.0,50.0,PrimBox,
322,322,0,1750.0,1584.0,20.0,0.0,0.0,0.0,10.0,99.0,50.0,PrimBox,
323,323,0,1750.0,1683.0,20.0,0.0,0.0,0.0,10.0,99.0,50.0,PrimBox,
324,324,0,1750.0,1782.0,20.0,0.0,0.0,0.0,10.0,62.0,50.0,PrimCylinder,
324,324,0,1850.0,0.0,20.0,0.0,0.0,0.0,10.0,99.0,50.0,PrimBox,
325,325,0,1850.0,99.0,20.0,0.0,0.0,0.0,10.0,99.0,50.0,PrimBox,
326,326,0,1850.0,198.0,20.0,0.0,0.0,0.0,10.0,99.0,50.0,PrimBox,
327,327,0,1850.0,297.0,20.0,0.0,0.0,0.0,10.0,99.0,50.0,PrimBox,
328,328,0,1850.0,396.0,20.0,0.0,0.0,0.0,10.0,99.0,50.0,PrimBox,
329,329,0,1850.0,495.0,20.0,0.0,0.0,0.0,10.0,99.0,50.0,PrimBox,
330,330,0,1850.0,594.0,20.0,0.0,0.0,0.0,10.0,99.0,50.0,PrimBox,
331,331,0,1850.0,693.0,20.0,0.0,0.0,0.0,10.0,99.0,50.0,PrimBox,
332,332,0,1850.0,792.0,20.0,0.0,0.0,0.0,10.0,99.0,50.0,PrimBox,
333,333,0,1850.0,891.0,20.0,0.0,0.0,0.0,10.0,99.0,50.0,PrimBox,
334,334,0,1850.0,990.0,20.0,0.0,0.0,0.0,10.0,99.0,50.0,PrimBox,
335,335,0,1850.0,1089.0,20.0,0.0,0.0,0.0,10.0,99.0,50.0,PrimBox,
336,336,0,1850.0,1188.0,20.0,0.0,0.0,0.0,10.0,99.0,50.0,PrimBox,
337,337,0,1850.0,1287.0,20.0,0.0,0.0,0.0,10.0,99.0,50.0,PrimBox,
338,338,0,1850.0,1386.0,20.0,0.0,0.0,0.0,10.0,99.0,50.0,PrimBox,
339,339,0,1850.0,1485.0,20.0,0.0,0.0,0.0,10.0,99.0,50.0,PrimBox,
340,340,0,1850.0,1584.0,20.0,0.0,0.0,0.0,10.0,99.0,50.0,PrimBox,
341,341,0,1850.0,1683.0,20.0,0.0,0.0,0.0,10.0,99.0,50.0,PrimBox,
342,342,0,1850.0,1782.0,20.0,0.0,0.0,0.0,10.0,62.0,50.0,PrimCylinder,
342,342,0,1950.0,0.0,20.0,0.0,0.0,0.0,10.0,99.0,50.0,PrimBox,
343,343,0,1950.0,99.0,20.0,0.0,0.0,0.0,10.0,99.0,50.0,PrimBox,
344,344,0,1950.0,198.0,20.0,0.0,0.0,0.0,10.0,99.0,50.0,PrimBox,
345,345,0,1950.0,297.0,20.0,0.0,0.0,0.0,10.0,99.0,50.0,PrimBox,
346,346,0,1950.0,396.0,20.0,0.0,0.0,0.0,10.0,99.0,50.0,PrimBox,
347,347,0,1950.0,495.0,20.0,0.0,0.0,0.0,10.0,99.0,50.0,PrimBox,
348,348,0,1950.0,594.0,20.0,0.0,0.0,0.0,10.0,99.0,50.0,PrimBox,
349,349,0,1950.0,693.0,20.0,0.0,0.0,0.0,10.0,99.0,50.0,PrimBox,
350,350,0,1950.0,792.0,20.0,0.0,0.0,0.0,10.0,99.0,50.0,PrimBox,
351,351,0,1950.0,891.0,20.0,0.0,0.0,0.0,10.0,99.0,50.0,PrimBox,
352,352,0,1950.0,990.0,20.0,0.0,0.0,0.0,10.0,99.0,50.0,PrimBox,
353,353,0,1950.0,1089.0,20.0,0.0,0.0,0.0,10.0,99.0,50.0,PrimBox,
354,354,0,1950.0,1188.0,20.0,0.0,0.0,0.0,10.0,99.0,50.0,PrimBox,
355,355,0,1950.0,1287.0,20.0,0.0,0.0,0.0,10.0,99.0,50.0,PrimBox,
356,356,0,1950.0,1386.0,20.0,0.0,0.0,0.0,10.0,99.0,50.0,PrimBox,
357,357,0,1950.0,1485.0,20.0,0.0,0.0,0.0,10.0,99.0,50.0,PrimBox,
358,358,0,1950.0,1584.0,20.0,0.0,0.0,0.0,10.0,99.0,50.0,PrimBox,
359,359,0,1950.0,1683.0,20.0,0.0,0.0,0.0,10.0,99.0,50.0,PrimBox,
360,360,0,1950.0,1782.0,20.0,0.0,0.0,0.0,10.0,62.0,50.0,PrimCylinder,
360,360,0,100.0,204.0,20.0,0.0,0.0,0.0,10.0,99.0,50.0,PrimBox,
361,361,0,100.0,303.0,20.0,0.0,0.0,0.0,10.0,99.0,50.0,PrimBox,
362,362,0,100.0,402.0,20.0,0.0,0.0,0.0,10.0,99.0,50.0,PrimBox,
363,363,0,100.0,501.0,20.0,0.0,0.0,0.0,10.0,99.0,50.0,PrimBox,
364,364,0,100.0,600.0,20.0,0.0,0.0,0.0,10.0,99.0,50.0,PrimBox,
365,365,0,100.0,699.0,20.0,0.0,0.0,0.0,10.0,99.0,50.0,PrimBox,
366,366,0,100.0,798.0,20.0,0.0,0.0,0.0,10.0,99.0,50.0,PrimBox,
367,367,0,100.0,897.0,20.0,0.0,0.0,0.0,10.0,99.0,50.0,PrimBox,
368,368,0,100.0,996.0,20.0,0.0,0.0,0.0,10.0,99.0,50.0,PrimBox,
369,369,0,100.0,1095.0,20.0,0.0,0.0,0.0,10.0,99.0,50.0,PrimBox,
370,370,0,100.0,1194.0,20.0,0.0,0.0,0.0,10.0,99.0,50.0,PrimBox,
371,371,0,100.0,1293.0,20.0,0.0,0.0,0.0,10.0,99.0,50.0,PrimBox,
372,372,0,100.0,1392.0,20.0,0.0,0.0,0.0,10.0,99.0,50.0,PrimBox,
373,373,0,100.0,1491.0,20.0,0.0,0.0,0.0,10.0,99.0,50.0,PrimBox,
374,374,0,100.0,1590.0,20.0,0.0,0.0,0.0,10.0,99.0,50.0,PrimBox,
375,375,0,100.0,1689.0,20.0,0.0,0.0,0.0,10.0,99.0,50.0,PrimBox,
376,376,0,100.0,1788.0,20.0,0.0,0.0,0.0,10.0,99.0,50.0,PrimBox,
377,377,0,100.0,1887.0,20.0,0.0,0.0,0.0,10.0,99.0,50.0,PrimBox,
378,378,0,100.0,1986.0,20.0,0.0,0.0,0.0,10.0,62.0,50.0,PrimCylinder,
378,378,0,200.0,204.0,20.0,0.0,0.0,0.0,10.0,99.0,50.0,PrimBox,
379,379,0,200.0,303.0,20.0,0.0,0.0,0.0,10.0,99.0,50.0,PrimBox,
380,380,0,200.0,402.0,20.0,0.0,0.0,0.0,10.0,99.0,50.0,PrimBox,
381,381,0,200.0,501.0,20.0,0.0,0.0,0.0,10.0,99.0,50.0,PrimBox,
382,382,0,200.0,600.0,20.0,0.0,0.0,0.0,10.0,99.0,50.0,PrimBox,
383,383,0,200.0,699.0,20.0,0.0,0.0,0.0,10.0,99.0,50.0,PrimBox,
384,384,0,200.0,798.0,20.0,0.0,0.0,0.0,10.0,99.0,50.0,PrimBox,
385,385,0,200.0,897.0,20.0,0.0,0.0,0.0,10.0,99.0,50.0,PrimBox,
386,386,0,200.0,996.0,20.0,0.0,0.0,0.0,10.0,99.0,50.0,PrimBox,
387,387,0,200.0,1095.0,20.0,0.0,0.0,0.0,10.0,99.0,50.0,PrimBox,
388,388,0,200.0,1194.0,20.0,0.0,0.0,0.0,10.0,99.0,50.0,PrimBox,
389,389,0,200.0,1293.0,20.0,0.0,0.0,0.0,10.0,99.0,50.0,PrimBox,
390,390,0,200.0,1392.0,20.0,0.0,0.0,0.0,10.0,99.0,50.0,PrimBox,
391,391,0,200.0,1491.0,20.0,0.0,0.0,0.0,10.0,99.0,50.0,PrimBox,
392,392,0,200.0,1590.0,20.0,0.0,0.0,0.0,10.0,99.0,50.0,PrimBox,
393,393,0,200.0,1689.0,20.0,0.0,0.0,0.0,10.0,99.0,50.0,PrimBox,
394,394,0,200.0,1788.0,20.0,0.0,0.0,0.0,10.0,99.0,50.0,PrimBox,
395,395,0,200.0,1887.0,20.0,0.0,0.0,0.0,10.0,99.0,50.0,PrimBox,
396,396,0,200.0,1986.0,20.0,0.0,0.0,0.0,10.0,62.0,50.0,PrimCylinder,
396,396,0,300.0,204.0,20.0,0.0,0.0,0.0,10.0,99.0,50.0,PrimBox,
397,397,0,300.0,303.0,20.0,0.0,0.0,0.0,10.0,99.0,50.0,PrimBox,
398,398,0,300.0,402.0,20.0,0.0,0.0,0.0,10.0,99.0,50.0,PrimBox,
399,399,0,300.0,501.0,20.0,0.0,0.0,0.0,10.0,99.0,50.0,PrimBox,
400,400,0,300.0,600.0,20.0,0.0,0.0,0.0,10.0,99.0,50.0,PrimBox,
401,401,0,300.0,699.0,20.0,0.0,0.0,0.0,10.0,99.0,50.0,PrimBox,
402,402,0,300.0,798.0,20.0,0.0,0.0,0.0,10.0,99.0,50.0,PrimBox,
403,403,0,300.0,897.0,20.0,0.0,0.0,0.0,10.0,99.0,50.0,PrimBox,
404,404,0,300.0,996.0,20.0,0.0,0.0,0.0,10.0,99.0,50.0,PrimBox,
405,405,0,300.0,1095.0,20.0,0.0,0.0,0.0,10.0,99.0,50.0,PrimBox,
406,406,0,300.0,1194.0,20.0,0.0,0.0,0.0,10.0,99.0,50.0,PrimBox,
407,407,0,300.0,1293.0,20.0,0.0,0.0,0.0,10.0,99.0,50.0,PrimBox,
408,408,0,300.0,1392.0,20.0,0.0,0.0,0.0,10.0,99.0,50.0,PrimBox,
409,409,0,300.0,1491.0,20.0,0.0,0.0,0.0,10.0,99.0,50.0,PrimBox,
410,410,0,300.0,1590.0,20.0,0.0,0.0,0.0,10.0,99.0,50.0,PrimBox,
411,411,0,300.0,1689.0,20.0,0.0,0.0,0.0,10.0,99.0,50.0,PrimBox,
412,412,0,300.0,1788.0,20.0,0.0,0.0,0.0,10.0,99.0,50.0,PrimBox,
413,413,0,300.0,1887.0,20.0,0.0,0.0,0.0,10.0,99.0,50.0,PrimBox,
414,414,0,300.0,1986.0,20.0,0.0,0.0,0.0,10.0,62.0,50.0,PrimCylinder,
414,414,0,400.0,204.0,20.0,0.0,0.0,0.0,10.0,99.0,50.0,PrimBox,
415,415,0,400.0,303.0,20.0,0.0,0.0,0.0,10.0,99.0,50.0,PrimBox,
416,416,0,400.0,402.0,20.0,0.0,0.0,0.0,10.0,99.0,50.0,PrimBox,
417,417,0,400.0,501.0,20.0,0.0,0.0,0.0,10.0,99.0,50.0,PrimBox,
418,418,0,400.0,600.0,20.0,0.0,0.0,0.0,10.0,99.0,50.0,PrimBox,
419,419,0,400.0,699.0,20.0,0.0,0.0,0.0,10.0,99.0,50.0,PrimBox,
420,420,0,400.0,798.0,20.0,0.0,0.0,0.0,10.0,99.0,50.0,PrimBox,
421,421,0,400.0,897.0,20.0,0.0,0.0,0.0,10.0,99.0,50.0,PrimBox,
422,422,0,400.0,996.0,20.0,0.0,0.0,0.0,10.0,99.0,50.0,PrimBox,
423,423,0,400.0,1095.0,20.0,0.0,0.0,0.0,10.0,99.0,50.0,PrimBox,
424,424,0,400.0,1194.0,20.0,0.0,0.0,0.0,10.0,99.0,50.0,PrimBox,
425,425,0,400.0,1293.0,20.0,0.0,0.0,0.0,10.0,99.0,50.0,PrimBox,
426,426,0,400.0,1392.0,20.0,0.0,0.0,0.0,10.0,99.0,50.0,PrimBox,
427,427,0,400.0,1491.0,20.0,0.0,0.0,0.0,10.0,99.0,50.0,PrimBox,
428,428,0,400.0,1590.0,20.0,0.0,0.0,0.0,10.0,99.0,50.0,PrimBox,
429,429,0,400.0,1689.0,20.0,0.0,0.0,0.0,10.0,99.0,50.0,PrimBox,
430,430,0,400.0,1788.0,20.0,0.0,0.0,0.0,10.0,99.0,50.0,PrimBox,
431,431,0,400.0,1887.0,20.0,0.0,0.0,0.0,10.0,99.0,50.0,PrimBox,
432,432,0,400.0,1986.0,20.0,0.0,0.0,0.0,10.0,62.0,50.0,PrimCylinder,
432,432,0,500.0,204.0,20.0,0.0,0.0,0.0,10.0,99.0,50.0,PrimBox,
433,433,0,500.0,303.0,20.0,0.0,0.0,0.0,10.0,99.0,50.0,PrimBox,
434,434,0,500.0,402.0,20.0,0.0,0.0,0.0,10.0,99.0,50.0,PrimBox,
435,435,0,500.0,501.0,20.0,0.0,0.0,0.0,10.0,99.0,50.0,PrimBox,
436,436,0,500.0,600.0,20.0,0.0,0.0,0.0,10.0,99.0,50.0,PrimBox,
437,437,0,500.0,699.0,20.0,0.0,0.0,0.0,10.0,99.0,50.0,PrimBox,
438,438,0,500.0,798.0,20.0,0.0,0.0,0.0,10.0,99.0,50.0,PrimBox,
439,439,0,500.0,897.0,20.0,0.0,0.0,0.0,10.0,99.0,50.0,PrimBox,
440,440,0,500.0,996.0,20.0,0.0,0.0,0.0,10.0,99.0,50.0,PrimBox,
441,441,0,500.0,1095.0,20.0,0.0,0.0,0.0,10.0,99.0,50.0,PrimBox,
442,442,0,500.0,1194.0,20.0,0.0,0.0,0.0,10.0,99.0,50.0,PrimBox,
443,443,0,500.0,1293.0,20.0,0.0,0.0,0.0,10.0,99.0,50.0,PrimBox,
444,444,0,500.0,1392.0,20.0,0.0,0.0,0.0,10.0,99.0,50.0,PrimBox,
445,445,0,500.0,1491.0,20.0,0.0,0.0,0.0,10.0,99.0,50.0,PrimBox,
446,446,0,500.0,1590.0,20.0,0.0,0.0,0.0,10.0,99.0,50.0,PrimBox,
447,447,0,500.0,1689.0,20.0,0.0,0.0,0.0,10.0,99.0,50.0,PrimBox,
448,448,0,500.0,1788.0,20.0,0.0,0.0,0.0,10.0,99.0,50.0,PrimBox,
449,449,0,500.0,1887.0,20.0,0.0,0.0,0.0,10.0,99.0,50.0,PrimBox,
450,450,0,500.0,1986.0,20.0,0.0,0.0,0.0,10.0,62.0,50.0,PrimCylinder,
450,450,0,600.0,204.0,20.0,0.0,0.0,0.0,10.0,99.0,50.0,PrimBox,
451,451,0,600.0,303.0,20.0,0.0,0.0,0.0,10.0,99.0,50.0,PrimBox,
452,452,0,600.0,402.0,20.0,0.0,0.0,0.0,10.0,99.0,50.0,PrimBox,
453,453,0,600.0,501.0,20.0,0.0,0.0,0.0,10.0,99.0,50.0,PrimBox,
454,454,0,600.0,600.0,20.0,0.0,0.0,0.0,10.0,99.0,50.0,PrimBox,
455,455,0,600.0,699.0,20.0,0.0,0.0,0.0,10.0,99.0,50.0,PrimBox,
456,456,0,600.0,798.0,20.0,0.0,0.0,0.0,10.0,99.0,50.0,PrimBox,
457,457,0,600.0,897.0,20.0,0.0,0.0,0.0,10.0,99.0,50.0,PrimBox,
458,458,0,600.0,996.0,20.0,0.0,0.0,0.0,10.0,99.0,50.0,PrimBox,
459,459,0,600.0,1095.0,20.0,0.0,0.0,0.0,10.0,99.0,50.0,PrimBox,
460,460,0,600.0,1194.0,20.0,0.0,0.0,0.0,10.0,99.0,50.0,PrimBox,
461,461,0,600.0,1293.0,20.0,0.0,0.0,0.0,10.0,99.0,50.0,PrimBox,
462,462,0,600.0,1392.0,20.0,0.0,0.0,0.0,10.0,99.0,50.0,PrimBox,
463,463,0,600.0,1491.0,20.0,0.0,0.0,0.0,10.0,99.0,50.0,PrimBox,
464,464,0,600.0,1590.0,20.0,0.0,0.0,0.0,10.0,99.0,50.0,PrimBox,
465,465,0,600.0,1689.0,20.0,0.0,0.0,0.0,10.0,99.0,50.0,PrimBox,
466,466,0,600.0,1788.0,20.0,0.0,0.0,0.0,10.0,99.0,50.0,PrimBox,
467,467,0,600.0,1887.0,20.0,0.0,0.0,0.0,10.0,99.0,50.0,PrimBox,
468,468,0,600.0,1986.0,20.0,0.0,0.0,0.0,10.0,62.0,50.0,PrimCylinder,
468,468,0,700.0,204.0,20.0,0.0,0.0,0.0,10.0,99.0,50.0,PrimBox,
469,469,0,700.0,303.0,20.0,0.0,0.0,0.0,10.0,99.0,50.0,PrimBox,
470,470,0,700.0,402.0,20.0,0.0,0.0,0.0,10.0,99.0,50.0,PrimBox,
471,471,0,700.0,501.0,20.0,0.0,0.0,0.0,10.0,99.0,50.0,PrimBox,
472,472,0,700.0,600.0,20.0,0.0,0.0,0.0,10.0,99.0,50.0,PrimBox,
473,473,0,700.0,699.0,20.0,0.0,0.0,0.0,10.0,99.0,50.0,PrimBox,
474,474,0,700.0,798.0,20.0,0.0,0.0,0.0,10.0,99.0,50.0,PrimBox,
475,475,0,700.0,897.0,20.0,0.0,0.0,0.0,10.0,99.0,50.0,PrimBox,
476,476,0,700.0,996.0,20.0,0.0,0.0,0.0,10.0,99.0,50.0,PrimBox,
477,477,0,700.0,1095.0,20.0,0.0,0.0,0.0,10.0,99.0,50.0,PrimBox,
478,478,0,700.0,1194.0,20.0,0.0,0.0,0.0,10.0,99.0,50.0,PrimBox,
479,479,0,700.0,1293.0,20.0,0.0,0.0,0.0,10.0,99.0,50.0,PrimBox,
480,480,0,700.0,1392.0,20.0,0.0,0.0,0.0,10.0,99.0,50.0,PrimBox,
481,481,0,700.0,1491.0,20.0,0.0,0.0,0.0,10.0,99.0,50.0,PrimBox,
482,482,0,700.0,1590.0,20.0,0.0,0.0,0.0,10.0,99.0,50.0,PrimBox,
483,483,0,700.0,1689.0,20.0,0.0,0.0,0.0,10.0,99.0,50.0,PrimBox,
484,484,0,700.0,1788.0,20.0,0.0,0.0,0.0,10.0,99.0,50.0,PrimBox,
485,485,0,700.0,1887.0,20.0,0.0,0.0,0.0,10.0,99.0,50.0,PrimBox,
486,486,0,700.0,1986.0,20.0,0.0,0.0,0.0,10.0,62.0,50.0,PrimCylinder,
486,486,0,800.0,204.0,20.0,0.0,0.0,0.0,10.0,99.0,50.0,PrimBox,
487,487,0,800.0,303.0,20.0,0.0,0.0,0.0,10.0,99.0,50.0,PrimBox,
488,488,0,800.0,402.0,20.0,0.0,0.0,0.0,10.0,99.0,50.0,PrimBox,
489,489,0,800.0,501.0,20.0,0.0,0.0,0.0,10.0,99.0,50.0,PrimBox,
490,490,0,800.0,600.0,20.0,0.0,0.0,0.0,10.0,99.0,50.0,PrimBox,
491,491,0,800.0,699.0,20.0,0.0,0.0,0.0,10.0,99.0,50.0,PrimBox,
492,492,0,800.0,798.0,20.0,0.0,0.0,0.0,10.0,99.0,50.0,PrimBox,
493,493,0,800.0,897.0,20.0,0.0,0.0,0.0,10.0,99.0,50.0,PrimBox,
494,494,0,800.0,996.0,20.0,0.0,0.0,0.0,10.0,99.0,50.0,PrimBox,
495,495,0,800.0,1095.0,20.0,0.0,0.0,0.0,10.0,99.0,50.0,PrimBox,
496,496,0,800.0,1194.0,20.0,0.0,0.0,0.0,10.0,99.0,50.0,PrimBox,
497,497,0,800.0,1293.0,20.0,0.0,0.0,0.0,10.0,99.0,50.0,PrimBox,
498,498,0,800.0,1392.0,20.0,0.0,0.0,0.0,10.0,99.0,50.0,PrimBox,
499,499,0,800.0,1491.0,20.0,0.0,0.0,0.0,10.0,99.0,50.0,PrimBox,
500,500,0,800.0,1590.0,20.0,0.0,0.0,0.0,10.0,99.0,50.0,PrimBox,
501,501,0,800.0,1689.0,20.0,0.0,0.0,0.0,10.0,99.0,50.0,PrimBox,
502,502,0,800.0,1788.0,20.0,0.0,0.0,0.0,10.0,99.0,50.0,PrimBox,
503,503,0,800.0,1887.0,20.0,0.0,0.0,0.0,10.0,99.0,50.0,PrimBox,
504,504,0,800.0,1986.0,20.0,0.0,0.0,0.0,10.0,62.0,50.0,PrimCylinder,
504,504,0,900.0,204.0,20.0,0.0,0.0,0.0,10.0,99.0,50.0,PrimBox,
505,505,0,900.0,303.0,20.0,0.0,0.0,0.0,10.0,99.0,50.0,PrimBox,
506,506,0,900.0,402.0,20.0,0.0,0.0,0.0,10.0,99.0,50.0,PrimBox,
507,507,0,900.0,501.0,20.0,0.0,0.0,0.0,10.0,99.0,50.0,PrimBox,
508,508,0,900.0,600.0,20.0,0.0,0.0,0.0,10.0,99.0,50.0,PrimBox,
509,509,0,900.0,699.0,20.0,0.0,0.0,0.0,10.0,99.0,50.0,PrimBox,
510,510,0,900.0,798.0,20.0,0.0,0.0,0.0,10.0,99.0,50.0,PrimBox,
511,511,0,900.0,897.0,20.0,0.0,0.0,0.0,10.0,99.0,50.0,PrimBox,
512,512,0,900.0,996.0,20.0,0.0,0.0,0.0,10.0,99.0,50.0,PrimBox,
513,513,0,900.0,1095.0,20.0,0.0,0.0,0.0,10.0,99.0,50.0,PrimBox,
514,514,0,900.0,1194.0,20.0,0.0,0.0,0.0,10.0,99.0,50.0,PrimBox,
515,515,0,900.0,1293.0,20.0,0.0,0.0,0.0,10.0,99.0,50.0,PrimBox,
516,516,0,900.0,1392.0,20.0,0.0,0.0,0.0,10.0,99.0,50.0,PrimBox,
517,517,0,900.0,1491.0,20.0,0.0,0.0,0.0,10.0,99.0,50.0,PrimBox,
518,518,0,900.0,1590.0,20.0,0.0,0.0,0.0,10.0,99.0,50.0,PrimBox,
519,519,0,900.0,1689.0,20.0,0.0,0.0,0.0,10.0,99.0,50.0,PrimBox,
520,520,0,900.0,1788.0,20.0,0.0,0.0,0.0,10.0,99.0,50.0,PrimBox,
521,521,0,900.0,1887.0,20.0,0.0,0.0,0.0,10.0,99.0,50.0,PrimBox,
522,522,0,900.0,1986.0,20.0,0.0,0.0,0.0,10.0,62.0,50.0,PrimCylinder,
522,522,0,1000.0,204.0,20.0,0.0,0.0,0.0,10.0,99.0,50.0,PrimBox,
523,523,0,1000.0,303.0,20.0,0.0,0.0,0.0,10.0,99.0,50.0,PrimBox,
524,524,0,1000.0,402.0,20.0,0.0,0.0,0.0,10.0,99.0,50.0,PrimBox,
525,525,0,1000.0,501.0,20.0,0.0,0.0,0.0,10.0,99.0,50.0,PrimBox,
526,526,0,1000.0,600.0,20.0,0.0,0.0,0.0,10.0,99.0,50.0,PrimBox,
527,527,0,1000.0,699.0,20.0,0.0,0.0,0.0,10.0,99.0,50.0,PrimBox,
528,528,0,1000.0,798.0,20.0,0.0,0.0,0.0,10.0,99.0,50.0,PrimBox,
529,529,0,1000.0,897.0,20.0,0.0,0.0,0.0,10.0,99.0,50.0,PrimBox,
530,530,0,1000.0,996.0,20.0,0.0,0.0,0.0,10.0,99.0,50.0,PrimBox,
531,531,0,1000.0,1095.0,20.0,0.0,0.0,0.0,10.0,99.0,50.0,PrimBox,
532,532,0,1000.0,1194.0,20.0,0.0,0.0,0.0,10.0,99.0,50.0,PrimBox,
533,533,0,1000.0,1293.0,20.0,0.0,0.0,0.0,10.0,99.0,50.0,PrimBox,
534,534,0,1000.0,1392.0,20.0,0.0,0.0,0.0,10.0,99.0,50.0,PrimBox,
535,535,0,1000.0,1491.0,20.0,0.0,0.0,0.0,10.0,99.0,50.0,PrimBox,
536,536,0,1000.0,1590.0,20.0,0.0,0.0,0.0,10.0,99.0,50.0,PrimBox,
537,537,0,1000.0,1689.0,20.0,0.0,0.0,0.0,10.0,99.0,50.0,PrimBox,
538,538,0,1000.0,1788.0,20.0,0.0,0.0,0.0,10.0,99.0,50.0,PrimBox,
539,539,0,1000.0,1887.0,20.0,0.0,0.0,0.0,10.0,99.0,50.0,PrimBox,
540,540,0,1000.0,1986.0,20.0,0.0,0.0,0.0,10.0,62.0,50.0,PrimCylinder,
540,540,0,1100.0,204.0,20.0,0.0,0.0,0.0,10.0,99.0,50.0,PrimBox,
541,541,0,1100.0,303.0,20.0,0.0,0.0,0.0,10.0,99.0,50.0,PrimBox,
542,542,0,1100.0,402.0,20.0,0.0,0.0,0.0,10.0,99.0,50.0,PrimBox,
543,543,0,1100.0,501.0,20.0,0.0,0.0,0.0,10.0,99.0,50.0,PrimBox,
544,544,0,1100.0,600.0,20.0,0.0,0.0,0.0,10.0,99.0,50.0,PrimBox,
545,545,0,1100.0,699.0,20.0,0.0,0.0,0.0,10.0,99.0,50.0,PrimBox,
546,546,0,1100.0,798.0,20.0,0.0,0.0,0.0,10.0,99.0,50.0,PrimBox,
547,547,0,1100.0,897.0,20.0,0.0,0.0,0.0,10.0,99.0,50.0,PrimBox,
548,548,0,1100.0,996.0,20.0,0.0,0.0,0.0,10.0,99.0,50.0,PrimBox,
549,549,0,1100.0,1095.0,20.0,0.0,0.0,0.0,10.0,99.0,50.0,PrimBox,
550,550,0,1100.0,1194.0,20.0,0.0,0.0,0.0,10.0,99.0,50.0,PrimBox,
551,551,0,1100.0,1293.0,20.0,0.0,0.0,0.0,10.0,99.0,50.0,PrimBox,
552,552,0,1100.0,1392.0,20.0,0.0,0.0,0.0,10.0,99.0,50.0,PrimBox,
553,553,0,1100.0,1491.0,20.0,0.0,0.0,0.0,10.0,99.0,50.0,PrimBox,
554,554,0,1100.0,1590.0,20.0,0.0,0.0,0.0,10.0,99.0,50.0,PrimBox,
555,555,0,1100.0,1689.0,20.0,0.0,0.0,0.0,10.0,99.0,50.0,PrimBox,
556,556,0,1100.0,1788.0,20.0,0.0,0.0,0.0,10.0,99.0,50.0,PrimBox,
557,557,0,1100.0,1887.0,20.0,0.0,0.0,0.0,10.0,99.0,50.0,PrimBox,
558,558,0,1100.0,1986.0,20.0,0.0,0.0,0.0,10.0,62.0,50.0,PrimCylinder,
558,558,0,1200.0,204.0,20.0,0.0,0.0,0.0,10.0,99.0,50.0,PrimBox,
559,559,0,1200.0,303.0,20.0,0.0,0.0,0.0,10.0,99.0,50.0,PrimBox,
560,560,0,1200.0,402.0,20.0,0.0,0.0,0.0,10.0,99.0,50.0,PrimBox,
561,561,0,1200.0,501.0,20.0,0.0,0.0,0.0,10.0,99.0,50.0,PrimBox,
562,562,0,1200.0,600.0,20.0,0.0,0.0,0.0,10.0,99.0,50.0,PrimBox,
563,563,0,1200.0,699.0,20.0,0.0,0.0,0.0,10.0,99.0,50.0,PrimBox,
564,564,0,1200.0,798.0,20.0,0.0,0.0,0.0,10.0,99.0,50.0,PrimBox,
565,565,0,1200.0,897.0,20.0,0.0,0.0,0.0,10.0,99.0,50.0,PrimBox,
566,566,0,1200.0,996.0,20.0,0.0,0.0,0.0,10.0,99.0,50.0,PrimBox,
567,567,0,1200.0,1095.0,20.0,0.0,0.0,0.0,10.0,99.0,50.0,PrimBox,
568,568,0,1200.0,1194.0,20.0,0.0,0.0,0.0,10.0,99.0,50.0,PrimBox,
569,569,0,1200.0,1293.0,20.0,0.0,0.0,0.0,10.0,99.0,50.0,PrimBox,
570,570,0,1200.0,1392.0,20.0,0.0,0.0,0.0,10.0,99.0,50.0,PrimBox,
571,571,0,1200.0,1491.0,20.0,0.0,0.0,0.0,10.0,99.0,50.0,PrimBox,
572,572,0,1200.0,1590.0,20.0,0.0,0.0,0.0,10.0,99.0,50.0,PrimBox,
573,573,0,1200.0,1689.0,20.0,0.0,0.0,0.0,10.0,99.0,50.0,PrimBox,
574,574,0,1200.0,1788.0,20.0,0.0,0.0,0.0,10.0,99.0,50.0,PrimBox,
575,575,0,1200.0,1887.0,20.0,0.0,0.0,0.0,10.0,99.0,50.0,PrimBox,
576,576,0,1200.0,1986.0,20.0,0.0,0.0,0.0,10.0,62.0,50.0,PrimCylinder,
576,576,0,1300.0,204.0,20.0,0.0,0.0,0.0,10.0,99.0,50.0,PrimBox,
577,577,0,1300.0,303.0,20.0,0.0,0.0,0.0,10.0,99.0,50.0,PrimBox,
578,578,0,1300.0,402.0,20.0,0.0,0.0,0.0,10.0,99.0,50.0,PrimBox,
579,579,0,1300.0,501.0,20.0,0.0,0.0,0.0,10.0,99.0,50.0,PrimBox,
580,580,0,1300.0,600.0,20.0,0.0,0.0,0.0,10.0,99.0,50.0,PrimBox,
581,581,0,1300.0,699.0,20.0,0.0,0.0,0.0,10.0,99.0,50.0,PrimBox,
582,582,0,1300.0,798.0,20.0,0.0,0.0,0.0,10.0,99.0,50.0,PrimBox,
583,583,0,1300.0,897.0,20.0,0.0,0.0,0.0,10.0,99.0,50.0,PrimBox,
584,584,0,1300.0,996.0,20.0,0.0,0.0,0.0,10.0,99.0,50.0,PrimBox,
585,585,0,1300.0,1095.0,20.0,0.0,0.0,0.0,10.0,99.0,50.0,PrimBox,
586,586,0,1300.0,1194.0,20.0,0.0,0.0,0.0,10.0,99.0,50.0,PrimBox,
587,587,0,1300.0,1293.0,20.0,0.0,0.0,0.0,10.0,99.0,50.0,PrimBox,
588,588,0,1300.0,1392.0,20.0,0.0,0.0,0.0,10.0,99.0,50.0,PrimBox,
589,589,0,1300.0,1491.0,20.0,0.0,0.0,0.0,10.0,99.0,50.0,PrimBox,
590,590,0,1300.0,1590.0,20.0,0.0,0.0,0.0,10.0,99.0,50.0,PrimBox,
591,591,0,1300.0,1689.0,20.0,0.0,0.0,0.0,10.0,99.0,50.0,PrimBox,
592,592,0,1300.0,1788.0,20.0,0.0,0.0,0.0,10.0,99.0,50.0,PrimBox,
593,593,0,1300.0,1887.0,20.0,0.0,0.0,0.0,10.0,99.0,50.0,PrimBox,
594,594,0,1300.0,1986.0,20.0,0.0,0.0,0.0,10.0,62.0,50.0,PrimCylinder,
594,594,0,1400.0,204.0,20.0,0.0,0.0,0.0,10.0,99.0,50.0,PrimBox,
595,595,0,1400.0,303.0,20.0,0.0,0.0,0.0,10.0,99.0,50.0,PrimBox,
596,596,0,1400.0,402.0,20.0,0.0,0.0,0.0,10.0,99.0,50.0,PrimBox,
597,597,0,1400.0,501.0,20.0,0.0,0.0,0.0,10.0,99.0,50.0,PrimBox,
598,598,0,1400.0,600.0,20.0,0.0,0.0,0.0,10.0,99.0,50.0,PrimBox,
599,599,0,1400.0,699.0,20.0,0.0,0.0,0.0,10.0,99.0,50.0,PrimBox,
600,600,0,1400.0,798.0,20.0,0.0,0.0,0.0,10.0,99.0,50.0,PrimBox,
601,601,0,1400.0,897.0,20.0,0.0,0.0,0.0,10.0,99.0,50.0,PrimBox,
602,602,0,1400.0,996.0,20.0,0.0,0.0,0.0,10.0,99.0,50.0,PrimBox,
603,603,0,1400.0,1095.0,20.0,0.0,0.0,0.0,10.0,99.0,50.0,PrimBox,
604,604,0,1400.0,1194.0,20.0,0.0,0.0,0.0,10.0,99.0,50.0,PrimBox,
605,605,0,1400.0,1293.0,20.0,0.0,0.0,0.0,10.0,99.0,50.0,PrimBox,
606,606,0,1400.0,1392.0,20.0,0.0,0.0,0.0,10.0,99.0,50.0,PrimBox,
607,607,0,1400.0,1491.0,20.0,0.0,0.0,0.0,10.0,99.0,50.0,PrimBox,
608,608,0,1400.0,1590.0,20.0,0.0,0.0,0.0,10.0,99.0,50.0,PrimBox,
609,609,0,1400.0,1689.0,20.0,0.0,0.0,0.0,10.0,99.0,50.0,PrimBox,
610,610,0,1400.0,1788.0,20.0,0.0,0.0,0.0,10.0,99.0,50.0,PrimBox,
611,611,0,1400.0,1887.0,20.0,0.0,0.0,0.0,10.0,99.0,50.0,PrimBox,
612,612,0,1400.0,1986.0,20.0,0.0,0.0,0.0,10.0,62.0,50.0,PrimCylinder,
612,612,0,1500.0,204.0,20.0,0.0,0.0,0.0,10.0,99.0,50.0,PrimBox,
613,613,0,1500.0,303.0,20.0,0.0,0.0,0.0,10.0,99.0,50.0,PrimBox,
614,614,0,1500.0,402.0,20.0,0.0,0.0,0.0,10.0,99.0,50.0,PrimBox,
615,615,0,1500.0,501.0,20.0,0.0,0.0,0.0,10.0,99.0,50.0,PrimBox,
616,616,0,1500.0,600.0,20.0,0.0,0.0,0.0,10.0,99.0,50.0,PrimBox,
617,617,0,1500.0,699.0,20.0,0.0,0.0,0.0,10.0,99.0,50.0,PrimBox,
618,618,0,1500.0,798.0,20.0,0.0,0.0,0.0,10.0,99.0,50.0,PrimBox,
619,619,0,1500.0,897.0,20.0,0.0,0.0,0.0,10.0,99.0,50.0,PrimBox,
620,620,0,1500.0,996.0,20.0,0.0,0.0,0.0,10.0,99.0,50.0,PrimBox,
621,621,0,1500.0,1095.0,20.0,0.0,0.0,0.0,10.0,99.0,50.0,PrimBox,
622,622,0,1500.0,1194.0,20.0,0.0,0.0,0.0,10.0,99.0,50.0,PrimBox,
623,623,0,1500.0,1293.0,20.0,0.0,0.0,0.0,10.0,99.0,50.0,PrimBox,
624,624,0,1500.0,1392.0,20.0,0.0,0.0,0.0,10.0,99.0,50.0,PrimBox,
625,625,0,1500.0,1491.0,20.0,0.0,0.0,0.0,10.0,99.0,50.0,PrimBox,
626,626,0,1500.0,1590.0,20.0,0.0,0.0,0.0,10.0,99.0,50.0,PrimBox,
627,627,0,1500.0,1689.0,20.0,0.0,0.0,0.0,10.0,99.0,50.0,PrimBox,
628,628,0,1500.0,1788.0,20.0,0.0,0.0,0.0,10.0,99.0,50.0,PrimBox,
629,629,0,1500.0,1887.0,20.0,0.0,0.0,0.0,10.0,99.0,50.0,PrimBox,
630,630,0,1500.0,1986.0,20.0,0.0,0.0,0.0,10.0,62.0,50.0,PrimCylinder,
630,630,0,1600.0,204.0,20.0,0.0,0.0,0.0,10.0,99.0,50.0,PrimBox,
631,631,0,1600.0,303.0,20.0,0.0,0.0,0.0,10.0,99.0,50.0,PrimBox,
632,632,0,1600.0,402.0,20.0,0.0,0.0,0.0,10.0,99.0,50.0,PrimBox,
633,633,0,1600.0,501.0,20.0,0.0,0.0,0.0,10.0,99.0,50.0,PrimBox,
634,634,0,1600.0,600.0,20.0,0.0,0.0,0.0,10.0,99.0,50.0,PrimBox,
635,635,0,1600.0,699.0,20.0,0.0,0.0,0.0,10.0,99.0,50.0,PrimBox,
636,636,0,1600.0,798.0,20.0,0.0,0.0,0.0,10.0,99.0,50.0,PrimBox,
637,637,0,1600.0,897.0,20.0,0.0,0.0,0.0,10.0,99.0,50.0,PrimBox,
638,638,0,1600.0,996.0,20.0,0.0,0.0,0.0,10.0,99.0,50.0,PrimBox,
639,639,0,1600.0,1095.0,20.0,0.0,0.0,0.0,10.0,99.0,50.0,PrimBox,
640,640,0,1600.0,1194.0,20.0,0.0,0.0,0.0,10.0,99.0,50.0,PrimBox,
641,641,0,1600.0,1293.0,20.0,0.0,0.0,0.0,10.0,99.0,50.0,PrimBox,
642,642,0,1600.0,1392.0,20.0,0.0,0.0,0.0,10.0,99.0,50.0,PrimBox,
643,643,0,1600.0,1491.0,20.0,0.0,0.0,0.0,10.0,99.0,50.0,PrimBox,
644,644,0,1600.0,1590.0,20.0,0.0,0.0,0.0,10.0,99.0,50.0,PrimBox,
645,645,0,1600.0,1689.0,20.0,0.0,0.0,0.0,10.0,99.0,50.0,PrimBox,
646,646,0,1600.0,1788.0,20.0,0.0,0.0,0.0,10.0,99.0,50.0,PrimBox,
647,647,0,1600.0,1887.0,20.0,0.0,0.0,0.0,10.0,99.0,50.0,PrimBox,
648,648,0,1600.0,1986.0,20.0,0.0,0.0,0.0,10.0,62.0,50.0,PrimCylinder,
648,648,0,1700.0,204.0,20.0,0.0,0.0,0.0,10.0,99.0,50.0,PrimBox,
649,649,0,1700.0,303.0,20.0,0.0,0.0,0.0,10.0,99.0,50.0,PrimBox,
650,650,0,1700.0,402.0,20.0,0.0,0.0,0.0,10.0,99.0,50.0,PrimBox,
651,651,0,1700.0,501.0,20.0,0.0,0.0,0.0,10.0,99.0,50.0,PrimBox,
652,652,0,1700.0,600.0,20.0,0.0,0.0,0.0,10.0,99.0,50.0,PrimBox,
653,653,0,1700.0,699.0,20.0,0.0,0.0,0.0,10.0,99.0,50.0,PrimBox,
654,654,0,1700.0,798.0,20.0,0.0,0.0,0.0,10.0,99.0,50.0,PrimBox,
655,655,0,1700.0,897.0,20.0,0.0,0.0,0.0,10.0,99.0,50.0,PrimBox,
656,656,0,1700.0,996.0,20.0,0.0,0.0,0.0,10.0,99.0,50.0,PrimBox,
657,657,0,1700.0,1095.0,20.0,0.0,0.0,0.0,10.0,99.0,50.0,PrimBox,
658,658,0,1700.0,1194.0,20.0,0.0,0.0,0.0,10.0,99.0,50.0,PrimBox,
659,659,0,1700.0,1293.0,20.0,0.0,0.0,0.0,10.0,99.0,50.0,PrimBox,
660,660,0,1700.0,1392.0,20.0,0.0,0.0,0.0,10.0,99.0,50.0,PrimBox,
661,661,0,1700.0,1491.0,20.0,0.0,0.0,0.0,10.0,99.0,50.0,PrimBox,
662,662,0,1700.0,1590.0,20.0,0.0,0.0,0.0,10.0,99.0,50.0,PrimBox,
663,663,0,1700.0,1689.0,20.0,0.0,0.0,0.0,10.0,99.0,50.0,PrimBox,
664,664,0,1700.0,1788.0,20.0,0.0,0.0,0.0,10.0,99.0,50.0,PrimBox,
665,665,0,1700.0,1887.0,20.0,0.0,0.0,0.0,10.0,99.0,50.0,PrimBox,
666,666,0,1700.0,1986.0,20.0,0.0,0.0,0.0,10.0,62.0,50.0,PrimCylinder,
666,666,0,1800.0,204.0,20.0,0.0,0.0,0.0,10.0,99.0,50.0,PrimBox,
667,667,0,1800.0,303.0,20.0,0.0,0.0,0.0,10.0,99.0,50.0,PrimBox,
668,668,0,1800.0,402.0,20.0,0.0,0.0,0.0,10.0,99.0,50.0,PrimBox,
669,669,0,1800.0,501.0,20.0,0.0,0.0,0.0,10.0,99.0,50.0,PrimBox,
670,670,0,1800.0,600.0,20.0,0.0,0.0,0.0,10.0,99.0,50.0,PrimBox,
671,671,0,1800.0,699.0,20.0,0.0,0.0,0.0,10.0,99.0,50.0,PrimBox,
672,672,0,1800.0,798.0,20.0,0.0,0.0,0.0,10.0,99.0,50.0,PrimBox,
673,673,0,1800.0,897.0,20.0,0.0,0.0,0.0,10.0,99.0,50.0,PrimBox,
674,674,0,1800.0,996.0,20.0,0.0,0.0,0.0,10.0,99.0,50.0,PrimBox,
675,675,0,1800.0,1095.0,20.0,0.0,0.0,0.0,10.0,99.0,50.0,PrimBox,
676,676,0,1800.0,1194.0,20.0,0.0,0.0,0.0,10.0,99.0,50.0,PrimBox,
677,677,0,1800.0,1293.0,20.0,0.0,0.0,0.0,10.0,99.0,50.0,PrimBox,
678,678,0,1800.0,1392.0,20.0,0.0,0.0,0.0,10.0,99.0,50.0,PrimBox,
679,679,0,1800.0,1491.0,20.0,0.0,0.0,0.0,10.0,99.0,50.0,PrimBox,
680,680,0,1800.0,1590.0,20.0,0.0,0.0,0.0,10.0,99.0,50.0,PrimBox,
681,681,0,1800.0,1689.0,20.0,0.0,0.0,0.0,10.0,99.0,50.0,PrimBox,
682,682,0,1800.0,1788.0,20.0,0.0,0.0,0.0,10.0,99.0,50.0,PrimBox,
683,683,0,1800.0,1887.0,20.0,0.0,0.0,0.0,10.0,99.0,50.0,PrimBox,
684,684,0,1800.0,1986.0,20.0,0.0,0.0,0.0,10.0,62.0,50.0,PrimCylinder,
684,684,0,1900.0,204.0,20.0,0.0,0.0,0.0,10.0,99.0,50.0,PrimBox,
685,685,0,1900.0,303.0,20.0,0.0,0.0,0.0,10.0,99.0,50.0,PrimBox,
686,686,0,1900.0,402.0,20.0,0.0,0.0,0.0,10.0,99.0,50.0,PrimBox,
687,687,0,1900.0,501.0,20.0,0.0,0.0,0.0,10.0,99.0,50.0,PrimBox,
688,688,0,1900.0,600.0,20.0,0.0,0.0,0.0,10.0,99.0,50.0,PrimBox,
689,689,0,1900.0,699.0,20.0,0.0,0.0,0.0,10.0,99.0,50.0,PrimBox,
690,690,0,1900.0,798.0,20.0,0.0,0.0,0.0,10.0,99.0,50.0,PrimBox,
691,691,0,1900.0,897.0,20.0,0.0,0.0,0.0,10.0,99.0,50.0,PrimBox,
692,692,0,1900.0,996.0,20.0,0.0,0.0,0.0,10.0,99.0,50.0,PrimBox,
693,693,0,1900.0,1095.0,20.0,0.0,0.0,0.0,10.0,99.0,50.0,PrimBox,
694,694,0,1900.0,1194.0,20.0,0.0,0.0,0.0,10.0,99.0,50.0,PrimBox,
695,695,0,1900.0,1293.0,20.0,0.0,0.0,0.0,10.0,99.0,50.0,PrimBox,
696,696,0,1900.0,1392.0,20.0,0.0,0.0,0.0,10.0,99.0,50.0,PrimBox,
697,697,0,1900.0,1491.0,20.0,0.0,0.0,0.0,10.0,99.0,50.0,PrimBox,
698,698,0,1900.0,1590.0,20.0,0.0,0.0,0.0,10.0,99.0,50.0,PrimBox,
699,699,0,1900.0,1689.0,20.0,0.0,0.0,0.0,10.0,99.0,50.0,PrimBox,
700,700,0,1900.0,1788.0,20.0,0.0,0.0,0.0,10.0,99.0,50.0,PrimBox,
701,701,0,1900.0,1887.0,20.0,0.0,0.0,0.0,10.0,99.0,50.0,PrimBox,
702,702,0,1900.0,1986.0,20.0,0.0,0.0,0.0,10.0,62.0,50.0,PrimCylinder,
