40d2b413-85ef-43fc-8304-b5b86e540bd5, 12/24/2007
10:58:08, 42, 212, 20
11:29:52, 42, 213, 20
11:29:54, 42, 212, 20
12:35:38, 42, 213, 20
12:35:44, 42, 212, 20
12:35:48, 42, 213, 20
12:35:52, 42, 212, 20
13:36:59, 42, 213, 20
13:37:01, 42, 212, 20
14:38:10, 42, 213, 20
14:38:12, 42, 212, 20
15:39:21, 42, 213, 20
15:39:22, 42, 212, 20
16:55:04, 42, 213, 20
16:55:06, 42, 212, 20
17:56:16, 42, 213, 20
17:56:17, 42, 212, 20
3e7a41f0-920d-40cd-bf5a-b7f5eb393aa4, 12/16/2009
10:58:08, 111, 91, 20
5712cfb3-b13b-435f-a933-e10b1f952190, 4/19/2008
10:58:08, 18, 137, 24
d33c02d7-29e8-49e6-8522-9b30c58617c4, 2/6/2009
10:58:15, 112, 92, 20
18:05:32, 108, 93, 20
18:05:33, 108, 92, 20
18:05:40, 111, 94, 20
18:05:41, 111, 98, 20
18:05:43, 110, 101, 20
18:05:57, 112, 97, 20
18:05:59, 113, 93, 20
18:06:00, 114, 89, 20
18:06:01, 115, 85, 20
18:06:03, 116, 81, 20
18:06:04, 116, 76, 20
18:06:05, 116, 72, 20
18:06:07, 116, 68, 20
18:06:08, 116, 64, 20
18:06:13, 116, 65, 20
18:06:15, 116, 69, 20
18:06:19, 115, 69, 20
18:06:20, 116, 65, 20
18:06:21, 116, 61, 20
18:06:23, 116, 57, 20
18:06:24, 116, 53, 20
18:06:25, 119, 50, 20
18:06:27, 123, 49, 20
18:06:28, 127, 49, 20
18:06:29, 132, 48, 20
18:06:31, 136, 48, 20
18:06:32, 140, 48, 20
18:06:33, 144, 48, 20
18:06:35, 148, 50, 20
18:06:36, 152, 52, 20
18:06:37, 156, 53, 20
18:06:39, 160, 53, 20
18:06:40, 165, 54, 20
18:06:41, 169, 54, 20
18:06:43, 173, 55, 20
18:06:44, 177, 56, 20
18:06:45, 182, 56, 20
18:06:47, 186, 57, 20
18:06:48, 190, 58, 20
18:06:49, 194, 59, 20
18:06:51, 195, 63, 20
18:06:52, 195, 67, 20
18:06:53, 195, 68, 20
18:06:56, 196, 70, 24
18:07:03, 197, 66, 20
18:07:04, 197, 62, 20
18:07:05, 199, 59, 20
18:07:07, 203, 57, 20
18:07:08, 207, 57, 20
18:07:09, 211, 59, 20
18:07:11, 213, 63, 20
18:07:12, 214, 67, 20
18:07:13, 215, 71, 20
18:07:15, 215, 75, 20
18:07:16, 216, 80, 20
18:07:17, 216, 84, 20
18:07:19, 216, 88, 20
18:07:20, 216, 92, 20
18:07:21, 218, 96, 20
18:07:24, 220, 98, 20
18:07:25, 221, 102, 20
18:07:27, 222, 104, 20
18:07:29, 222, 105, 20
18:07:31, 222, 110, 20
18:07:32, 222, 114, 20
18:07:34, 222, 118, 20
18:07:35, 225, 119, 20
18:07:36, 226, 119, 20
18:07:47, 226, 120, 20
18:07:48, 226, 124, 20
18:07:50, 224, 128, 20
18:07:51, 222, 132, 20
18:07:52, 219, 135, 20
18:07:54, 216, 138, 20
18:07:55, 215, 142, 20
18:07:56, 215, 146, 20
18:07:58, 215, 150, 20
18:07:59, 214, 155, 20
df9f1518-d9ee-4c00-9567-0ccdbcba4e7d, 11/13/2012
10:59:00, 177, 242, 20
10:59:02, 178, 241, 20
10:59:06, 176, 243, 24
10:59:07, 171, 247, 24
10:59:08, 166, 248, 24
10:59:10, 163, 251, 24
10:59:11, 162, 252, 20
10:59:12, 161, 252, 20
10:59:44, 163, 250, 24
10:59:46, 164, 246, 24
10:59:47, 164, 248, 24
11:00:00, 161, 241, 20
11:00:02, 161, 238, 20
11:00:03, 162, 236, 20
11:00:18, 162, 235, 20
11:00:19, 161, 231, 20
11:00:30, 161, 225, 20
11:00:31, 157, 220, 20
11:00:32, 152, 215, 20
11:00:34, 148, 211, 24
11:00:35, 142, 206, 24
11:00:36, 138, 202, 20
11:00:38, 135, 200, 20
11:00:40, 128, 201, 20
11:00:41, 126, 201, 20
11:00:42, 133, 200, 20
11:01:16, 128, 200, 20
11:01:17, 121, 200, 20
11:01:18, 115, 200, 20
11:01:20, 108, 200, 24
11:01:21, 101, 200, 24
11:01:22, 96, 205, 20
11:01:24, 91, 209, 20
11:01:25, 86, 213, 20
11:01:26, 83, 219, 24
11:01:28, 80, 225, 24
11:01:29, 77, 231, 24
11:01:30, 75, 234, 24
11:01:32, 77, 237, 24
11:01:33, 81, 241, 24
11:01:34, 81, 242, 24
11:01:36, 76, 242, 24
11:01:37, 75, 242, 24
11:02:14, 77, 247, 24
11:02:16, 75, 254, 20
11:06:37, 69, 246, 24
11:06:38, 67, 243, 24
11:06:39, 62, 238, 24
11:06:41, 59, 232, 24
11:06:42, 55, 226, 20
11:06:43, 50, 222, 20
11:06:45, 47, 218, 20
11:06:50, 45, 216, 20
11:08:37, 42, 210, 20
11:08:38, 40, 204, 24
11:08:40, 36, 200, 20
11:08:41, 30, 203, 20
11:08:42, 20, 207, 32
11:08:44, 16, 214, 40
11:08:45, 9, 221, 52
11:08:46, 0, 227, 68
11:08:48, 0, 227, 88
11:08:49, 9, 229, 88
11:08:50, 15, 230, 88
11:08:53, 16, 227, 88
11:08:54, 22, 207, 88
11:08:56, 34, 190, 88
11:08:57, 42, 170, 88
11:08:58, 44, 162, 88
11:09:02, 45, 165, 88
11:09:04, 46, 186, 88
11:09:05, 52, 202, 88
11:09:06, 53, 203, 88
11:09:08, 56, 207, 88
11:09:09, 59, 228, 88
11:09:10, 61, 249, 88
11:10:41, 18, 230, 72
11:10:44, 27, 217, 68
11:10:45, 32, 210, 64
11:10:46, 43, 193, 68
11:10:48, 55, 175, 68
11:10:49, 67, 157, 72
11:10:50, 71, 151, 72
11:10:53, 72, 148, 68
11:10:54, 76, 132, 64
11:10:56, 76, 131, 60
11:10:58, 76, 128, 64
11:11:00, 74, 108, 64
11:11:01, 72, 88, 64
11:11:02, 72, 86, 64
11:11:06, 66, 89, 60
11:11:08, 58, 92, 60
11:11:09, 57, 92, 56
11:11:11, 49, 89, 52
11:11:12, 47, 88, 52
11:11:15, 50, 86, 52
11:11:16, 60, 95, 52
11:11:17, 71, 96, 52
11:11:19, 73, 101, 52
11:11:20, 76, 104, 52
11:11:21, 87, 106, 52
11:11:25, 84, 106, 52
11:11:26, 82, 106, 52
11:11:44, 85, 101, 32
11:11:57, 83, 105, 32
11:11:58, 83, 112, 32
11:12:00, 83, 115, 32
11:12:13, 83, 120, 32
11:12:15, 85, 119, 32
11:12:16, 24, 89, 24
11:12:19, 24, 92, 24
11:12:20, 24, 95, 24
11:12:21, 20, 97, 24
11:12:23, 21, 103, 24
11:12:24, 21, 110, 24
11:12:25, 19, 116, 24
11:12:27, 13, 115, 24
11:12:28, 3, 107, 36
11:12:29, 1, 105, 44
11:12:31, 3, 97, 56
11:12:32, 12, 87, 56
11:12:33, 26, 85, 56
11:12:35, 30, 78, 56
11:12:36, 32, 78, 56
11:12:37, 34, 77, 56
11:12:40, 34, 77, 52
11:12:43, 38, 72, 52
11:12:44, 40, 68, 52
11:12:51, 40, 67, 52
11:12:52, 41, 60, 52
11:12:54, 41, 57, 52
11:12:56, 40, 56, 52
11:12:58, 40, 56, 56
11:12:59, 40, 56, 52
11:13:43, 37, 55, 52
11:13:44, 32, 50, 56
11:13:46, 30, 48, 52
11:13:47, 30, 47, 52
11:13:51, 30, 47, 56
11:13:52, 30, 47, 52
11:14:08, 30, 53, 52
11:14:10, 28, 60, 52
11:14:11, 27, 66, 52
11:14:12, 26, 66, 52
11:14:16, 26, 67, 52
11:14:18, 25, 73, 52
11:14:23, 22, 76, 52
11:14:24, 21, 77, 52
11:14:39, 19, 78, 52
11:15:15, 20, 77, 56
11:15:16, 21, 74, 52
11:15:28, 23, 73, 52
11:15:30, 20, 69, 52
11:15:31, 19, 75, 52
11:15:32, 23, 77, 52
11:15:39, 26, 77, 56
11:15:40, 31, 78, 52
11:15:42, 37, 81, 56
11:15:43, 42, 83, 52
11:15:44, 48, 84, 56
11:15:46, 52, 86, 52
11:15:47, 50, 87, 56
11:15:48, 44, 87, 52
11:15:50, 39, 88, 56
11:15:52, 35, 88, 52
11:15:53, 36, 85, 56
11:15:54, 37, 81, 52
11:15:56, 34, 74, 52
11:15:57, 38, 70, 52
11:15:58, 45, 69, 52
11:16:00, 48, 68, 52
11:16:12, 44, 77, 52
11:16:17, 44, 76, 52
11:16:18, 40, 74, 52
11:16:20, 38, 78, 52
11:16:21, 42, 80, 52
11:16:22, 44, 81, 52
11:16:24, 44, 80, 56
11:16:25, 48, 78, 56
11:16:26, 53, 77, 52
11:16:28, 59, 80, 52
11:16:29, 65, 84, 52
11:16:30, 71, 87, 52
11:16:32, 78, 90, 52
11:16:33, 82, 91, 52
11:16:40, 81, 92, 52
11:16:41, 81, 94, 52
11:16:53, 173, 38, 24
11:17:02, 172, 41, 24
11:17:04, 169, 46, 24
11:17:05, 162, 47, 24
11:17:06, 155, 47, 24
11:17:08, 150, 51, 20
11:17:09, 147, 53, 20
11:17:16, 142, 57, 24
11:17:32, 142, 57, 20
11:18:12, 141, 57, 24
11:18:13, 137, 60, 24
11:18:17, 124, 58, 36
11:18:18, 114, 57, 48
11:18:21, 102, 57, 56
11:18:22, 83, 65, 56
11:18:24, 73, 78, 68
11:18:25, 63, 93, 76
11:18:26, 53, 109, 80
11:18:28, 42, 127, 80
11:18:29, 31, 145, 80
11:18:30, 19, 163, 80
11:18:32, 8, 181, 80
11:18:33, 1, 197, 84
11:18:34, 0, 198, 96
11:18:36, 0, 198, 112
11:18:37, 1, 198, 112
11:18:44, 1, 198, 100
11:18:45, 1, 198, 72
11:18:46, 1, 197, 28
11:18:48, 2, 197, 24
11:18:50, 1, 197, 24
11:18:52, 7, 199, 24
11:18:53, 14, 197, 24
11:18:54, 15, 196, 24
11:18:56, 15, 200, 24
11:18:57, 14, 203, 24
11:18:59, 19, 203, 24
11:19:00, 26, 203, 20
11:19:01, 32, 205, 20
11:19:03, 37, 209, 20
11:19:07, 38, 210, 20
11:19:08, 42, 214, 20
11:19:09, 43, 214, 20
11:19:23, 39, 212, 20
11:19:24, 42, 207, 20
11:19:25, 48, 206, 20
11:19:27, 59, 206, 32
11:19:28, 74, 206, 48
11:19:29, 89, 207, 60
11:19:31, 104, 207, 76
11:19:32, 119, 207, 92
11:19:33, 129, 208, 108
11:21:21, 132, 216, 108
11:21:23, 152, 221, 104
11:21:24, 157, 206, 104
11:21:25, 141, 193, 104
11:21:27, 140, 185, 104
11:21:28, 147, 171, 100
11:21:29, 148, 162, 100
11:21:35, 148, 162, 84
11:21:36, 148, 162, 60
11:21:39, 148, 160, 60
11:21:40, 148, 154, 60
11:21:41, 148, 147, 60
11:21:43, 149, 147, 60
11:21:44, 152, 147, 60
11:21:45, 155, 147, 60
11:21:47, 156, 145, 60
11:21:48, 158, 139, 60
11:21:49, 163, 138, 60
11:21:51, 167, 138, 64
11:21:52, 172, 137, 60
11:21:55, 172, 137, 76
11:21:56, 172, 137, 84
11:21:59, 172, 137, 76
11:22:00, 172, 137, 60
11:22:04, 173, 133, 60
11:22:05, 170, 132, 60
11:22:07, 170, 139, 60
11:22:08, 170, 146, 60
11:22:09, 169, 158, 76
11:22:11, 168, 176, 84
11:22:12, 167, 197, 84
11:22:13, 166, 218, 84
11:22:15, 165, 235, 84
ec69d781-07fe-44d0-9041-a013f85eddab, 2/24/2011
10:59:11, 248, 64, 24
10:59:12, 248, 64, 20
11:02:34, 249, 64, 20
d08f8b03-2e16-4c26-8834-e1f7fcddea22, 11/11/2012
11:04:50, 242, 226, 20
b8e72dd2-0a6d-461e-820e-3d26562879bb, 2/25/2010
11:13:18, 175, 225, 24
11:13:24, 176, 227, 24
11:13:26, 174, 229, 24
11:13:27, 171, 226, 24
11:13:28, 168, 225, 24
11:13:30, 164, 225, 24
11:13:31, 162, 226, 24
11:13:34, 165, 224, 24
11:13:39, 164, 228, 24
11:14:03, 162, 225, 24
11:14:04, 162, 224, 20
11:14:06, 164, 224, 24
11:14:31, 165, 222, 24
11:14:32, 168, 220, 24
11:14:34, 173, 220, 24
11:15:58, 173, 221, 24
11:16:06, 174, 225, 24
11:16:08, 177, 228, 24
11:16:09, 181, 226, 24
11:16:10, 185, 225, 24
11:16:12, 189, 225, 20
11:16:13, 192, 225, 20
11:16:18, 192, 226, 20
11:16:20, 197, 226, 20
11:16:21, 199, 229, 20
11:16:22, 203, 230, 20
11:16:24, 207, 230, 20
11:16:25, 211, 230, 20
11:16:26, 215, 230, 20
11:16:28, 220, 230, 20
11:16:29, 224, 230, 20
11:16:30, 228, 230, 20
11:16:32, 233, 229, 20
11:16:33, 237, 229, 20
11:16:34, 241, 229, 20
11:16:36, 245, 229, 20
11:16:37, 250, 229, 20
11:16:38, 254, 229, 20
cd2a70ca-c2f7-442e-8b96-fccbed879636, 10/28/2009
11:23:56, 243, 85, 24
11:23:57, 245, 85, 24
11:23:58, 249, 85, 24
11:24:00, 252, 84, 24
11:24:04, 250, 84, 24
11:24:05, 246, 83, 24
11:24:06, 242, 85, 24
11:24:08, 238, 86, 24
11:24:09, 234, 88, 24
11:24:10, 230, 88, 24
11:24:12, 226, 88, 24
11:24:13, 225, 88, 24
11:24:18, 225, 88, 36
11:24:20, 225, 88, 56
11:24:21, 225, 88, 60
11:24:22, 244, 85, 60
11:24:24, 255, 85, 60
6180a062-3159-4bce-9d6b-f5d7cc43abcb, 4/1/2010
11:46:38, 253, 198, 24
11:46:39, 253, 201, 24
11:46:40, 253, 205, 24
11:46:42, 253, 209, 24
11:46:43, 253, 214, 24
11:46:44, 253, 218, 24
11:46:46, 255, 221, 24
4fd88794-56d3-48bd-9d3d-ce8706eef7bc, 2/3/2009
12:24:14, 248, 178, 40
12:24:16, 245, 178, 40
12:24:17, 243, 178, 40
12:24:18, 243, 181, 32
12:24:20, 244, 185, 24
12:24:21, 245, 191, 20
12:24:22, 246, 198, 20
12:24:24, 247, 205, 24
12:24:25, 249, 211, 20
12:24:26, 249, 218, 20
12:24:28, 251, 225, 24
12:24:29, 253, 231, 24
12:24:30, 255, 236, 20
b9bd1f83-982e-4ed2-acfc-7c02205257ad, 11/12/2012
12:34:36, 43, 141, 24
12:34:40, 43, 141, 20
12:34:59, 46, 139, 20
12:35:00, 49, 142, 20
12:35:02, 52, 144, 20
12:35:03, 56, 147, 20
12:35:04, 60, 149, 20
12:35:06, 63, 151, 20
12:35:07, 66, 153, 20
12:35:15, 65, 153, 20
12:35:16, 62, 152, 20
12:35:18, 61, 152, 20
12:35:19, 64, 154, 24
12:35:20, 67, 156, 24
12:35:22, 69, 157, 24
ca337b52-b1d9-4762-be44-8cab4729e6e3, 3/5/2012
13:23:46, 93, 43, 24
13:29:43, 94, 42, 24
13:29:44, 97, 40, 24
13:29:46, 97, 37, 24
13:29:47, 93, 38, 24
13:29:48, 90, 38, 28
13:29:50, 88, 40, 28
13:29:51, 91, 43, 28
13:29:57, 94, 43, 28
13:30:15, 91, 43, 28
13:30:17, 89, 43, 28
13:34:37, 94, 43, 28
13:39:30, 93, 43, 28
13:39:37, 92, 43, 28
13:54:23, 93, 43, 24
13:54:32, 93, 43, 20
13:54:45, 239, 103, 20
13:54:47, 239, 103, 24
13:55:40, 93, 43, 24
573425b0-5c74-4a6c-bd50-56e1abb00f03, 10/20/2012
13:32:41, 227, 69, 24
13:33:08, 230, 69, 20
13:33:09, 234, 67, 20
13:33:11, 237, 64, 20
13:33:12, 241, 62, 20
13:33:15, 240, 62, 20
13:33:16, 236, 64, 20
13:33:17, 233, 67, 20
13:33:19, 230, 70, 20
13:33:20, 227, 70, 24
13:33:21, 223, 69, 20
13:33:23, 222, 68, 20
03f7e223-41ae-48fd-8176-1638e8e59a7f, 6/8/2012
13:50:26, 142, 159, 36
c42db35f-a639-4f3c-9b7c-7c1c83c471d0, 3/27/2009
13:53:10, 251, 68, 20
13:53:12, 251, 67, 20
13:56:03, 249, 66, 24
13:56:04, 245, 65, 20
13:56:05, 243, 66, 20
13:56:10, 240, 68, 20
13:56:11, 238, 67, 20
13:56:12, 235, 64, 20
13:56:14, 233, 63, 20
13:57:12, 235, 67, 20
13:57:14, 235, 68, 20
13:57:16, 233, 69, 20
13:57:18, 229, 69, 20
13:57:19, 226, 69, 24
13:57:20, 225, 69, 24
13:57:24, 225, 71, 24
14:01:48, 226, 73, 24
14:01:49, 229, 76, 24
14:01:51, 232, 79, 24
14:01:52, 229, 76, 24
14:01:53, 228, 75, 24
14:01:57, 231, 78, 24
14:01:59, 234, 80, 24
14:02:25, 236, 80, 24
14:02:27, 240, 80, 24
14:02:40, 241, 78, 24
14:02:41, 243, 75, 24
14:02:52, 244, 75, 24
14:02:53, 248, 74, 24
14:02:55, 253, 74, 24
14:02:57, 255, 75, 20
9dfb6981-f0c1-432e-9e96-f904a93f5f1e, 6/18/2009
14:25:15, 230, 183, 36
14:25:16, 221, 184, 36
14:25:20, 221, 175, 36
14:25:22, 220, 154, 36
14:25:23, 219, 132, 36
14:25:24, 220, 111, 36
14:25:26, 221, 90, 36
14:25:27, 219, 68, 36
14:25:28, 218, 65, 36
14:25:30, 217, 60, 36
14:25:31, 211, 40, 36
14:25:32, 210, 38, 36
14:25:36, 205, 48, 36
14:25:38, 198, 53, 36
14:25:43, 198, 53, 32
14:25:44, 198, 53, 20
14:25:51, 198, 55, 20
14:25:52, 194, 57, 20
14:25:54, 190, 57, 20
14:25:55, 186, 58, 24
14:25:56, 183, 60, 24
14:25:58, 181, 64, 24
14:25:59, 181, 68, 24
14:26:04, 181, 70, 24
14:26:06, 181, 75, 24
14:26:07, 179, 77, 24
14:26:14, 178, 80, 24
14:26:15, 178, 84, 24
14:26:16, 179, 86, 24
14:26:23, 179, 85, 24
14:26:25, 178, 81, 24
14:26:26, 179, 78, 24
14:26:30, 181, 75, 24
14:26:31, 182, 73, 24
14:26:35, 182, 76, 24
14:26:37, 182, 79, 24
14:26:38, 182, 82, 28
14:26:39, 181, 85, 28
14:26:41, 177, 85, 28
14:26:42, 177, 83, 28
14:26:45, 178, 80, 28
14:26:46, 179, 76, 28
14:26:47, 180, 73, 28
14:26:53, 179, 75, 28
14:26:54, 177, 79, 28
14:26:55, 177, 83, 28
14:26:57, 180, 87, 28
14:26:58, 182, 84, 28
14:26:59, 182, 81, 28
14:27:01, 182, 80, 24
14:27:06, 182, 76, 24
14:27:07, 181, 74, 24
14:27:11, 180, 75, 24
14:27:13, 177, 78, 24
14:27:22, 176, 79, 24
14:27:23, 175, 84, 24
14:27:25, 177, 87, 24
14:27:26, 180, 87, 24
14:27:29, 182, 85, 24
14:27:34, 181, 84, 24
14:27:35, 178, 81, 24
14:27:37, 179, 77, 24
14:27:38, 180, 75, 24
d8394b5c-3737-4bd2-8cab-7e044a8843b6, 11/12/2012
14:52:17, 214, 251, 20
14:52:18, 212, 247, 24
14:52:20, 208, 243, 24
14:52:21, 207, 242, 24
14:52:34, 202, 240, 20
14:52:36, 203, 235, 24
14:52:37, 209, 231, 20
14:52:38, 215, 229, 20
14:52:40, 222, 229, 20
14:52:41, 229, 228, 20
14:52:42, 235, 227, 20
14:52:44, 242, 226, 20
14:52:45, 248, 222, 20
14:52:46, 252, 221, 24
14:52:48, 255, 225, 20
4c46b876-4463-46fb-bd27-6bb9ff0b1fea, 11/5/2010
15:21:14, 255, 249, 20
15:21:17, 255, 241, 20
15:21:18, 255, 237, 20
15:21:20, 255, 233, 24
15:21:21, 255, 230, 20
15:22:10, 246, 229, 20
15:22:12, 242, 229, 20
15:22:13, 237, 229, 20
15:22:14, 233, 229, 20
15:22:16, 229, 228, 20
15:22:17, 225, 228, 20
15:22:18, 221, 228, 20
15:22:20, 217, 228, 20
15:22:21, 213, 228, 20
15:22:22, 209, 228, 20
15:22:24, 204, 227, 20
15:22:25, 200, 227, 20
15:22:27, 196, 226, 20
15:22:28, 192, 226, 20
15:22:29, 188, 226, 20
15:22:31, 185, 226, 24
15:22:32, 180, 226, 24
15:22:33, 176, 226, 24
15:22:35, 174, 226, 24
15:22:36, 173, 224, 24
15:22:37, 172, 220, 24
15:22:39, 168, 219, 24
15:22:40, 164, 219, 24
15:22:41, 160, 217, 20
15:22:43, 156, 215, 20
15:22:44, 152, 214, 20
15:22:45, 149, 212, 24
15:22:47, 145, 210, 24
15:22:48, 141, 208, 24
15:22:49, 137, 207, 20
15:23:08, 136, 206, 20
15:23:09, 134, 202, 20
15:23:11, 132, 198, 20
15:23:12, 131, 195, 28
15:23:13, 125, 182, 28
15:23:15, 108, 169, 28
15:23:16, 89, 161, 28
15:23:17, 69, 152, 24
15:23:19, 51, 142, 28
15:23:20, 32, 131, 24
15:23:21, 19, 128, 24
15:24:01, 19, 128, 32
15:24:07, 19, 128, 48
15:24:08, 19, 128, 64
15:24:09, 21, 125, 64
15:24:11, 33, 108, 64
15:24:12, 42, 97, 64
15:24:13, 56, 97, 64
15:24:15, 58, 97, 64
15:24:23, 58, 98, 76
15:24:24, 72, 112, 76
15:24:25, 87, 127, 76
15:24:27, 100, 143, 72
15:24:28, 110, 153, 72
15:24:29, 110, 152, 72
15:24:31, 109, 133, 72
15:24:32, 115, 113, 72
15:24:33, 124, 104, 72
15:24:35, 125, 103, 72
15:24:36, 134, 89, 64
15:24:37, 144, 75, 60
15:24:39, 156, 72, 60
15:24:40, 174, 67, 48
15:24:41, 189, 64, 48
15:24:43, 190, 65, 48
15:24:44, 207, 64, 44
15:24:46, 208, 64, 32
3237bd68-c508-40cf-9bf7-6cd241dbe5dc, 11/14/2012
16:08:58, 221, 253, 20
16:08:59, 220, 250, 20
16:09:01, 220, 246, 20
16:09:02, 220, 242, 20
16:09:03, 220, 238, 20
16:09:05, 221, 234, 20
16:09:06, 221, 233, 20
16:09:10, 224, 230, 20
16:09:11, 228, 227, 20
16:09:13, 230, 224, 20
16:09:14, 234, 221, 20
16:09:15, 235, 219, 20
16:09:17, 237, 215, 20
16:09:18, 238, 212, 20
16:09:19, 240, 209, 20
16:09:25, 242, 209, 20
16:09:29, 242, 207, 20
16:09:30, 243, 205, 20
16:09:31, 244, 201, 20
16:09:33, 245, 197, 20
16:09:34, 246, 192, 20
16:09:36, 244, 189, 20
16:09:37, 241, 185, 20
16:09:38, 238, 182, 20
16:09:40, 235, 179, 20
16:09:41, 233, 177, 20
16:09:44, 232, 176, 20
16:09:45, 230, 174, 20
16:09:49, 227, 175, 20
16:09:50, 225, 174, 20
16:09:52, 224, 172, 20
16:09:53, 224, 167, 20
16:09:54, 224, 163, 20
16:09:56, 225, 159, 20
16:09:57, 225, 155, 20
16:09:58, 225, 151, 20
16:10:00, 225, 147, 20
16:10:01, 225, 142, 20
16:10:02, 225, 138, 20
16:10:04, 226, 135, 20
16:10:05, 226, 131, 20
16:10:06, 226, 127, 20
16:10:08, 227, 123, 20
16:10:09, 228, 119, 20
16:10:10, 229, 117, 20
16:10:12, 229, 116, 20
16:10:13, 230, 114, 20
16:10:16, 234, 113, 20
16:10:17, 238, 113, 20
16:10:18, 242, 114, 20
16:10:20, 243, 115, 20
16:10:24, 243, 116, 20
16:10:25, 244, 120, 20
16:10:26, 246, 120, 20
16:10:28, 250, 120, 20
16:10:29, 253, 120, 20
16:10:30, 255, 120, 20
16:10:41, 254, 122, 24
16:10:42, 251, 121, 20
16:10:44, 247, 120, 20
16:10:49, 246, 121, 20
16:10:50, 245, 120, 20
16:10:52, 244, 118, 20
16:10:53, 245, 118, 20
16:10:54, 245, 117, 20
16:11:00, 244, 118, 20
16:11:10, 245, 118, 20
16:11:12, 248, 120, 20
16:11:13, 252, 120, 20
16:11:14, 255, 118, 20
16:11:16, 255, 117, 20
16:11:20, 255, 121, 20
16:11:21, 255, 124, 20
16:11:22, 253, 127, 20
16:11:24, 253, 128, 20
16:11:32, 253, 126, 20
16:11:33, 254, 122, 20
16:11:36, 252, 121, 20
16:11:37, 248, 120, 20
16:11:38, 246, 117, 20
16:11:42, 244, 117, 20
16:11:44, 244, 116, 20
16:11:45, 244, 113, 20
16:11:48, 245, 114, 20
16:11:56, 246, 113, 20
16:11:58, 251, 113, 20
16:12:00, 253, 113, 20
16:12:02, 254, 111, 20
16:13:15, 253, 113, 20
16:13:16, 248, 115, 20
16:13:25, 249, 115, 20
16:13:27, 254, 114, 20
16:13:28, 255, 115, 20
16:13:31, 254, 115, 20
16:13:33, 255, 115, 20
afce98ad-4443-460a-8982-87a26dbbbfbf, 3/5/2012
17:22:49, 250, 67, 20
17:27:24, 249, 67, 20
17:27:26, 248, 67, 20
17:27:27, 246, 66, 20
17:27:28, 245, 66, 20
17:28:51, 246, 64, 20
17:28:53, 248, 61, 20
17:28:54, 250, 61, 20
17:28:55, 251, 59, 24
17:28:57, 251, 57, 24
17:28:58, 249, 59, 24
17:28:59, 248, 62, 20
f7c9bbda-b9bf-4a0e-adbf-a0b250597b79, 10/31/2007
17:35:35, 142, 81, 24
17:46:21, 142, 78, 24
17:47:24, 141, 79, 24
18:10:58, 142, 81, 24
64e49740-38d5-46d6-b62a-ce4cda3d7dd1, 12/8/2010
17:55:25, 154, 196, 24
17:55:28, 154, 196, 20
17:56:09, 154, 192, 20
17:56:11, 153, 188, 20
17:56:12, 153, 187, 20
17:58:02, 149, 188, 20
17:58:03, 145, 188, 20
17:58:04, 141, 189, 20
17:58:06, 137, 191, 24
17:58:07, 134, 194, 24
17:58:08, 132, 197, 24
17:58:10, 132, 201, 24
17:58:11, 133, 205, 24
17:58:22, 130, 203, 24
17:58:23, 127, 201, 24
17:58:24, 123, 199, 24
17:58:26, 119, 199, 24
17:58:27, 114, 199, 24
17:58:28, 110, 199, 24
17:58:30, 106, 199, 24
17:58:31, 102, 199, 24
17:58:32, 97, 199, 24
17:58:34, 93, 199, 24
17:58:35, 89, 199, 24
17:58:36, 85, 198, 24
17:58:38, 80, 199, 24
17:58:39, 76, 199, 24
17:58:40, 72, 199, 24
17:58:42, 67, 199, 24
17:58:43, 63, 200, 24
17:58:44, 59, 200, 24
17:58:46, 55, 200, 24
17:58:47, 50, 200, 24
17:58:55, 49, 200, 24
17:58:56, 45, 197, 24
17:58:58, 42, 195, 20
17:58:59, 38, 192, 20
17:59:00, 37, 189, 24
17:59:02, 37, 186, 24
17:59:07, 36, 184, 24
17:59:08, 35, 180, 24
17:59:10, 35, 176, 24
17:59:11, 35, 171, 24
17:59:12, 37, 167, 24
17:59:14, 38, 163, 24
17:59:15, 40, 160, 24
17:59:16, 43, 157, 24
17:59:18, 47, 155, 24
17:59:19, 51, 153, 24
17:59:20, 51, 149, 24
17:59:22, 48, 148, 24
17:59:23, 46, 146, 24
17:59:24, 46, 144, 20
17:59:26, 49, 141, 20
17:59:27, 53, 139, 20
17:59:28, 56, 137, 20
17:59:30, 60, 135, 24
17:59:31, 63, 133, 24
17:59:32, 66, 129, 24
17:59:34, 69, 126, 24
17:59:35, 71, 123, 24
17:59:36, 74, 120, 24
17:59:38, 78, 117, 24
17:59:39, 81, 114, 24
17:59:40, 84, 112, 24
17:59:42, 86, 109, 24
17:59:43, 90, 107, 24
17:59:44, 93, 105, 24
17:59:46, 98, 104, 24
17:59:47, 101, 102, 24
17:59:48, 103, 98, 24
17:59:50, 106, 95, 24
17:59:51, 107, 93, 20
17:59:54, 109, 90, 20
17:59:55, 111, 86, 20
17:59:56, 111, 82, 20
17:59:58, 112, 78, 20
17:59:59, 112, 73, 20
18:00:00, 112, 71, 20
3e7a41f0-920d-40cd-bf5a-b7f5eb393aa4, 12/16/2009
13:00:07, 111, 91, 20
40d2b413-85ef-43fc-8304-b5b86e540bd5, 12/24/2007
13:00:07, 42, 212, 20
13:21:25, 42, 213, 20
13:21:26, 42, 212, 20
14:22:36, 42, 213, 20
14:22:37, 42, 212, 20
15:23:48, 42, 213, 20
15:23:49, 42, 212, 20
16:24:57, 42, 213, 20
16:24:59, 42, 212, 20
17:26:09, 42, 213, 20
17:26:10, 42, 212, 20
18:27:20, 42, 213, 20
18:27:21, 42, 212, 20
19:28:31, 42, 213, 20
19:28:32, 42, 212, 20
20:29:42, 42, 213, 20
20:29:43, 42, 212, 20
21:30:53, 42, 213, 20
21:30:55, 42, 212, 20
22:32:04, 42, 213, 20
22:32:06, 42, 212, 20
5712cfb3-b13b-435f-a933-e10b1f952190, 4/19/2008
13:00:07, 18, 137, 24
d33c02d7-29e8-49e6-8522-9b30c58617c4, 2/6/2009
13:01:18, 113, 95, 20
22:54:06, 113, 94, 20
22:54:07, 113, 89, 20
22:54:08, 113, 88, 20
22:54:16, 113, 86, 20
22:54:18, 114, 82, 20
22:54:19, 114, 77, 20
22:54:20, 114, 73, 20
22:54:22, 114, 69, 20
22:54:23, 114, 65, 20
22:54:24, 115, 62, 20
22:54:28, 114, 62, 20
22:54:35, 117, 64, 20
22:54:36, 118, 66, 20
22:54:38, 120, 67, 20
22:54:39, 119, 70, 20
22:54:40, 119, 72, 20
22:54:42, 119, 71, 20
22:54:43, 119, 69, 20
22:54:52, 120, 70, 20
22:54:54, 120, 71, 20
22:54:55, 119, 69, 20
22:54:56, 116, 69, 20
22:54:58, 115, 72, 20
22:54:59, 116, 74, 20
22:55:02, 116, 72, 20
22:55:03, 116, 68, 20
22:55:04, 117, 64, 20
22:55:06, 119, 64, 20
22:55:07, 119, 68, 20
22:55:08, 119, 69, 20
22:55:16, 117, 69, 20
22:55:18, 114, 71, 20
22:55:19, 112, 75, 20
22:55:20, 111, 79, 20
22:55:22, 110, 82, 20
22:55:24, 109, 86, 20
22:55:26, 109, 88, 20
30ae70d7-6b6c-48fe-b912-30b1e4e2eaaa, 11/4/2007
13:27:33, 172, 22, 24
13:27:45, 172, 22, 20
f7c9bbda-b9bf-4a0e-adbf-a0b250597b79, 10/31/2007
13:34:58, 142, 81, 24
13:37:27, 141, 80, 24
13:37:28, 140, 76, 24
13:37:29, 138, 73, 24
13:37:31, 138, 72, 24
13:41:06, 139, 75, 24
13:41:07, 141, 79, 24
13:41:09, 142, 82, 24
13:41:10, 142, 83, 24
13:49:05, 142, 81, 24
14:14:33, 143, 78, 24
18:21:04, 142, 81, 24
18:22:55, 142, 85, 24
18:27:16, 143, 85, 24
18:27:17, 143, 84, 24
18:27:57, 140, 83, 24
18:28:19, 142, 83, 24
18:28:28, 142, 85, 24
18:28:55, 143, 84, 24
18:29:04, 143, 82, 24
18:33:13, 142, 81, 24
18:33:21, 141, 84, 24
18:43:56, 142, 81, 24
18:45:22, 143, 83, 24
18:47:49, 143, 81, 24
53c42df0-18b6-401a-b7dd-7da3315341ac, 6/9/2009
13:56:11, 230, 190, 36
13:56:12, 221, 191, 36
13:56:15, 221, 191, 24
13:56:16, 221, 191, 20
13:56:19, 218, 190, 20
13:56:20, 214, 188, 20
13:56:22, 210, 186, 20
13:56:23, 206, 187, 20
13:56:24, 202, 187, 20
13:56:26, 197, 187, 20
13:56:27, 193, 186, 20
13:56:28, 189, 186, 20
13:56:30, 185, 185, 20
13:56:31, 180, 185, 20
13:56:32, 176, 185, 20
13:56:34, 172, 186, 20
13:56:35, 168, 188, 20
13:56:36, 165, 191, 20
13:56:38, 163, 195, 20
13:56:39, 161, 199, 20
13:56:40, 159, 203, 20
13:56:42, 158, 207, 20
13:56:43, 158, 211, 20
13:56:44, 158, 216, 20
13:56:46, 159, 220, 20
13:56:47, 160, 224, 20
13:56:48, 162, 228, 20
13:56:50, 163, 232, 24
13:56:51, 163, 236, 24
13:56:55, 162, 237, 24
13:56:57, 158, 240, 20
13:56:58, 155, 242, 20
13:56:59, 155, 246, 20
13:57:01, 156, 246, 20
13:57:05, 156, 246, 24
13:57:07, 154, 232, 28
13:57:09, 149, 211, 32
13:57:10, 160, 194, 36
13:57:11, 181, 191, 36
13:57:13, 202, 188, 36
13:57:14, 223, 188, 36
13:57:15, 241, 199, 36
13:57:17, 245, 209, 36
13:57:18, 248, 215, 36
13:57:19, 255, 228, 36
13:57:27, 240, 223, 36
13:57:29, 219, 226, 36
13:57:30, 208, 230, 36
13:57:45, 225, 228, 36
13:57:46, 246, 228, 36
20:06:55, 98, 21, 36
20:07:09, 96, 21, 36
20:07:10, 96, 22, 36
20:09:16, 96, 21, 36
20:09:17, 95, 17, 36
20:09:18, 95, 16, 36
20:11:04, 89, 9, 28
20:11:35, 93, 10, 24
20:11:36, 97, 10, 24
20:11:37, 100, 13, 24
20:11:39, 99, 17, 24
20:11:40, 95, 19, 24
20:11:41, 91, 18, 24
20:11:43, 88, 15, 24
20:11:44, 86, 14, 24
20:11:47, 84, 12, 24
20:11:48, 81, 11, 20
20:11:49, 78, 11, 20
20:11:52, 78, 11, 24
20:11:53, 77, 11, 24
20:11:55, 59, 9, 32
20:11:56, 58, 9, 32
20:12:00, 64, 7, 32
20:12:01, 85, 6, 36
20:12:03, 106, 8, 36
20:12:04, 127, 14, 36
20:12:05, 146, 24, 36
20:12:07, 164, 35, 36
20:12:08, 182, 47, 36
20:12:09, 199, 60, 36
20:12:11, 211, 78, 36
20:12:12, 218, 98, 36
20:12:13, 219, 119, 36
20:12:15, 219, 140, 36
20:12:16, 222, 159, 36
20:12:17, 222, 160, 36
20:12:20, 225, 176, 36
20:12:21, 228, 196, 36
20:12:23, 230, 197, 36
20:12:24, 225, 196, 36
20:12:25, 215, 187, 36
20:12:27, 214, 187, 36
20:12:31, 225, 188, 36
20:12:32, 247, 189, 36
ca337b52-b1d9-4762-be44-8cab4729e6e3, 3/5/2012
14:01:55, 93, 43, 24
19:12:12, 93, 42, 24
19:12:14, 97, 40, 24
19:12:15, 99, 37, 24
19:12:16, 96, 37, 24
19:12:18, 94, 37, 24
19:12:19, 92, 38, 24
19:12:22, 89, 37, 28
19:12:24, 89, 41, 28
19:12:26, 90, 42, 28
19:12:27, 91, 42, 28
19:15:45, 94, 43, 28
19:28:56, 93, 43, 28
19:45:17, 93, 43, 24
20:16:28, 94, 43, 28
20:57:26, 93, 43, 24
20:57:37, 93, 43, 20
21:24:35, 93, 43, 24
98f4ea89-5b2e-4085-a5b1-cc9118e3e9ee, 5/6/2008
14:37:17, 63, 80, 52
14:37:55, 65, 81, 52
14:37:59, 61, 80, 52
14:38:00, 57, 79, 52
14:38:02, 56, 78, 52
14:38:03, 57, 76, 52
14:38:04, 57, 75, 52
14:38:07, 56, 74, 52
14:38:08, 57, 70, 52
14:38:10, 56, 66, 52
14:38:11, 59, 64, 52
14:38:12, 60, 64, 52
14:38:15, 64, 67, 52
14:38:16, 67, 70, 52
14:38:18, 70, 71, 52
14:38:19, 74, 73, 52
14:38:20, 78, 75, 52
14:38:22, 82, 76, 52
14:38:23, 83, 79, 52
14:38:24, 84, 78, 52
14:38:26, 84, 79, 52
14:38:27, 84, 78, 52
14:38:51, 86, 78, 52
14:38:54, 85, 77, 52
14:39:08, 85, 76, 52
14:39:30, 86, 77, 52
16:00:25, 85, 76, 52
16:00:28, 85, 77, 52
0d0f6ccf-6300-46e3-8558-a71dfda43d48, 1/1/2007
14:38:36, 84, 80, 52
14:39:06, 84, 77, 52
14:39:59, 86, 74, 52
14:40:35, 86, 77, 52
3b5ec86b-3650-4bc1-a84f-1ffa4efa23a8, 3/3/2010
15:31:36, 137, 250, 64
15:31:39, 138, 249, 56
15:31:48, 70, 132, 56
15:31:49, 71, 132, 52
15:32:01, 73, 130, 52
15:32:03, 74, 127, 52
15:32:07, 73, 130, 52
15:32:08, 74, 133, 52
15:32:09, 76, 136, 52
15:32:11, 79, 137, 52
15:32:33, 144, 137, 64
15:32:45, 143, 139, 64
15:32:47, 144, 143, 64
15:32:48, 144, 145, 64
15:32:49, 147, 144, 68
15:32:51, 149, 143, 68
15:36:05, 69, 250, 24
15:36:06, 68, 246, 24
15:36:07, 66, 243, 24
15:36:09, 64, 239, 24
15:36:10, 61, 237, 24
15:36:11, 57, 235, 24
15:36:13, 53, 234, 24
15:36:14, 50, 232, 24
15:36:15, 49, 229, 20
15:36:17, 47, 225, 20
15:36:18, 46, 221, 20
15:36:19, 45, 220, 20
15:36:21, 45, 219, 20
15:36:37, 45, 218, 20
15:36:38, 44, 218, 20
15:36:39, 41, 216, 20
15:36:41, 38, 213, 20
15:36:42, 37, 209, 20
15:36:43, 39, 205, 20
15:36:45, 38, 201, 24
15:36:46, 37, 197, 24
15:36:47, 37, 192, 20
15:36:49, 38, 189, 24
15:36:50, 41, 186, 24
15:36:51, 42, 184, 24
15:36:57, 43, 182, 24
15:36:58, 46, 179, 24
15:36:59, 48, 178, 24
15:37:01, 51, 177, 24
15:37:02, 50, 173, 24
15:37:03, 50, 169, 24
15:37:05, 51, 165, 24
15:37:06, 52, 160, 24
15:37:07, 53, 156, 24
15:37:09, 53, 152, 24
15:37:10, 52, 149, 24
15:37:15, 48, 147, 24
15:37:17, 44, 146, 24
15:37:18, 40, 144, 24
15:37:19, 36, 142, 24
15:37:21, 32, 141, 24
15:37:22, 28, 139, 24
15:37:23, 25, 138, 24
15:37:25, 21, 136, 24
15:37:26, 17, 135, 24
15:37:28, 16, 135, 24
15:37:42, 17, 134, 24
15:38:21, 19, 136, 24
15:38:22, 20, 136, 24
15:38:58, 99, 146, 24
15:39:04, 116, 62, 20
d7b36048-ce16-44a6-a467-610019483d78, 10/25/2012
15:34:43, 223, 106, 64
15:34:44, 203, 108, 64
15:34:46, 199, 111, 64
15:34:48, 191, 111, 60
15:34:50, 184, 112, 60
15:34:51, 179, 107, 60
15:34:52, 175, 102, 64
15:34:54, 171, 97, 52
15:34:55, 166, 92, 24
15:34:56, 162, 91, 20
15:34:58, 166, 92, 20
15:34:59, 168, 97, 20
15:35:00, 163, 98, 20
15:35:02, 156, 100, 20
15:35:03, 151, 95, 20
15:35:04, 148, 93, 24
15:35:06, 142, 95, 20
15:35:07, 137, 96, 24
15:35:08, 137, 96, 20
15:35:15, 142, 96, 20
15:35:16, 147, 92, 20
15:35:18, 155, 95, 36
15:35:19, 169, 98, 48
15:35:20, 183, 93, 64
15:35:22, 192, 103, 80
15:35:23, 200, 116, 92
15:35:24, 217, 127, 92
15:35:26, 224, 145, 88
15:35:27, 242, 152, 76
15:35:28, 247, 158, 72
15:35:30, 235, 168, 64
15:35:31, 236, 166, 60
15:35:34, 237, 168, 60
15:35:35, 238, 169, 60
15:35:38, 238, 169, 52
15:35:39, 238, 170, 44
15:35:46, 238, 170, 48
15:35:47, 236, 171, 48
15:35:49, 236, 173, 48
15:35:50, 236, 173, 60
15:35:51, 233, 186, 76
15:35:53, 230, 203, 64
15:35:54, 228, 214, 40
15:35:55, 220, 220, 32
15:35:57, 222, 239, 32
15:35:58, 213, 241, 24
15:35:59, 198, 243, 28
15:36:01, 197, 243, 20
15:38:05, 174, 114, 28
15:38:14, 179, 117, 28
15:38:28, 180, 118, 28
15:38:29, 185, 123, 28
15:38:30, 185, 129, 28
15:38:32, 181, 135, 28
15:38:33, 178, 141, 28
15:38:34, 173, 145, 28
15:38:36, 167, 148, 28
15:38:37, 161, 149, 28
15:38:38, 154, 151, 28
15:38:40, 153, 151, 28
15:38:42, 147, 150, 28
15:38:44, 148, 144, 28
15:38:45, 150, 142, 28
15:38:46, 148, 138, 28
15:38:48, 142, 134, 28
15:38:49, 136, 132, 32
15:38:50, 129, 131, 24
15:38:52, 124, 131, 20
15:38:53, 123, 131, 24
15:38:57, 124, 130, 28
15:38:58, 129, 131, 24
15:39:00, 144, 132, 40
15:39:01, 147, 132, 40
3d2d1a41-cbb6-41a1-8c70-2a9e5654d722, 2/14/2007
15:58:17, 109, 151, 24
15:58:20, 109, 151, 20
15:58:34, 108, 148, 20
15:58:36, 106, 146, 20
15:58:38, 108, 146, 20
15:58:40, 112, 146, 20
15:58:41, 116, 145, 20
5c0d0fba-f5e5-4c5d-8c37-115c3bf454ff, 2/21/2009
17:52:30, 63, 136, 24
17:52:39, 64, 139, 24
17:52:40, 65, 140, 24
17:53:51, 67, 140, 24
17:53:52, 69, 141, 24
17:53:54, 68, 141, 24
17:53:55, 67, 141, 24
17:54:45, 66, 145, 20
17:54:46, 62, 148, 20
17:54:47, 55, 149, 20
17:54:49, 49, 149, 24
17:54:50, 46, 145, 24
17:54:51, 50, 140, 20
17:54:53, 56, 137, 20
17:54:54, 62, 137, 24
6e78fc28-6ac1-4050-8e17-c99b87f250aa, 11/15/2012
17:52:30, 138, 169, 32
17:52:31, 136, 166, 28
18:04:03, 137, 169, 28
18:04:05, 141, 170, 28
18:04:06, 145, 171, 28
18:04:07, 150, 171, 28
18:04:09, 154, 172, 28
18:04:10, 158, 174, 28
18:04:11, 162, 176, 28
18:04:13, 162, 179, 20
18:04:14, 162, 184, 20
18:04:15, 162, 188, 20
18:04:17, 166, 189, 20
18:04:18, 171, 189, 24
18:04:19, 192, 188, 32
18:04:21, 208, 188, 40
18:04:22, 208, 188, 60
18:04:23, 208, 188, 80
18:04:25, 208, 188, 76
18:04:26, 208, 188, 60
18:04:27, 208, 188, 24
18:04:29, 209, 188, 20
18:04:30, 218, 188, 20
18:04:31, 218, 188, 24
18:04:33, 218, 188, 20
18:04:34, 220, 188, 20
18:04:35, 224, 187, 20
d08f8b03-2e16-4c26-8834-e1f7fcddea22, 11/11/2012
18:03:41, 112, 240, 0
18:03:43, 112, 240, 24
18:06:25, 109, 240, 24
18:06:26, 108, 240, 24
18:06:29, 111, 241, 24
18:06:30, 115, 242, 24
18:06:32, 119, 241, 24
18:06:33, 122, 241, 24
18:06:40, 122, 242, 24
18:06:41, 123, 245, 24
18:06:42, 127, 247, 24
18:06:49, 129, 247, 24
18:06:50, 130, 247, 24
18:06:53, 128, 249, 24
18:06:54, 127, 250, 24
18:06:56, 128, 250, 24
18:06:57, 131, 248, 24
18:06:58, 134, 251, 24
18:07:01, 137, 252, 24
18:07:02, 139, 253, 24
18:07:06, 138, 251, 24
18:07:08, 136, 249, 24
18:07:09, 134, 249, 24
18:07:10, 130, 248, 24
18:07:12, 125, 248, 24
18:07:13, 122, 247, 24
18:20:43, 120, 246, 24
9611afa6-e05f-4cac-8816-828443a5d1d3, 9/24/2012
18:09:57, 250, 184, 20
18:09:59, 248, 187, 24
18:10:00, 248, 186, 20
18:10:01, 248, 185, 20
18:10:03, 249, 185, 20
18:10:04, 253, 185, 20
18:10:07, 252, 185, 20
18:10:08, 248, 185, 20
18:10:09, 244, 184, 20
18:10:11, 243, 184, 20
18:10:12, 239, 183, 20
18:10:13, 235, 184, 20
18:10:15, 231, 186, 20
18:10:16, 227, 186, 20
18:10:17, 223, 184, 20
18:10:19, 219, 185, 20
18:10:20, 215, 186, 20
18:10:21, 211, 187, 20
18:10:23, 207, 188, 20
18:10:24, 202, 189, 20
18:10:25, 198, 189, 20
18:10:27, 194, 189, 20
18:10:28, 190, 188, 20
18:10:29, 186, 188, 20
18:10:31, 182, 189, 20
18:10:32, 178, 190, 20
18:10:33, 174, 191, 20
18:10:35, 173, 191, 20
18:10:36, 169, 191, 24
18:10:38, 165, 191, 20
18:10:39, 161, 190, 20
18:10:40, 157, 190, 20
18:10:42, 153, 188, 20
18:10:43, 150, 184, 20
18:10:44, 147, 182, 20
18:10:46, 144, 179, 20
18:10:47, 142, 175, 20
18:10:48, 140, 173, 24
18:10:50, 138, 171, 24
18:10:51, 135, 171, 24
18:10:52, 132, 174, 20
18:10:54, 128, 176, 20
18:10:55, 124, 175, 20
18:10:56, 120, 175, 20
18:10:58, 117, 175, 20
18:10:59, 115, 176, 20
18:11:00, 111, 176, 20
18:11:02, 107, 174, 24
18:11:03, 104, 174, 24
18:11:06, 102, 172, 24
18:11:07, 98, 169, 20
18:11:08, 95, 167, 20
18:11:10, 91, 167, 24
18:11:11, 89, 164, 20
18:11:12, 89, 159, 20
18:11:14, 86, 157, 20
18:11:15, 82, 155, 20
18:11:16, 79, 152, 20
18:11:18, 82, 150, 20
18:11:19, 85, 148, 24
18:11:20, 89, 146, 24
18:11:22, 90, 144, 20
18:11:23, 92, 144, 20
18:11:24, 95, 147, 20
18:11:26, 98, 150, 24
18:11:27, 101, 152, 24
18:11:28, 105, 153, 24
18:11:30, 108, 156, 24
18:11:31, 111, 160, 24
18:11:32, 113, 163, 24
18:11:34, 115, 167, 20
18:11:35, 119, 169, 20
18:11:36, 122, 172, 20
18:11:38, 126, 175, 20
18:11:39, 127, 178, 20
18:11:40, 127, 182, 20
18:11:42, 128, 185, 24
18:11:43, 129, 187, 24
18:11:44, 128, 187, 24
18:11:46, 124, 190, 24
18:11:47, 120, 191, 24
18:11:48, 118, 190, 24
18:11:50, 120, 189, 24
18:11:51, 124, 190, 24
18:11:52, 125, 193, 24
18:11:54, 125, 192, 24
18:11:55, 125, 188, 24
18:11:56, 128, 186, 24
18:11:58, 132, 187, 20
18:11:59, 133, 191, 24
18:12:00, 135, 195, 24
18:12:02, 137, 198, 24
18:12:03, 141, 199, 24
18:12:04, 145, 198, 24
18:12:06, 149, 196, 24
18:12:07, 153, 194, 20
18:12:08, 157, 192, 20
18:12:10, 159, 191, 20
18:12:12, 163, 191, 20
18:12:14, 167, 190, 20
18:12:15, 171, 189, 20
18:12:16, 175, 188, 20
18:12:18, 180, 188, 20
18:12:19, 184, 188, 20
18:12:20, 188, 189, 20
18:12:22, 192, 189, 20
18:12:23, 196, 188, 20
18:12:24, 200, 188, 20
18:12:26, 205, 189, 20
18:12:27, 209, 189, 20
18:12:29, 212, 187, 20
18:12:30, 214, 184, 20
18:12:31, 215, 181, 20
18:12:33, 217, 180, 20
18:12:34, 221, 183, 20
18:12:35, 225, 184, 20
18:12:37, 229, 186, 20
18:12:38, 233, 187, 20
18:12:39, 237, 187, 20
18:12:41, 241, 186, 20
18:12:42, 245, 186, 20
18:12:43, 245, 191, 20
18:12:45, 246, 195, 20
18:12:46, 246, 199, 20
18:12:47, 246, 203, 20
18:12:49, 247, 208, 20
18:12:50, 247, 212, 20
18:12:51, 245, 216, 20
18:12:53, 242, 218, 20
18:12:54, 242, 222, 20
18:12:55, 246, 223, 20
18:12:57, 250, 225, 20
18:12:58, 254, 226, 20
22:09:54, 213, 135, 24
22:09:56, 213, 135, 20
22:10:20, 214, 135, 20
22:10:22, 215, 134, 20
22:10:23, 219, 134, 20
22:10:24, 223, 134, 20
22:10:26, 227, 134, 24
22:10:27, 228, 134, 24
22:10:54, 229, 134, 24
22:10:55, 233, 134, 24
22:10:56, 237, 133, 24
22:10:58, 240, 130, 24
22:10:59, 242, 133, 24
22:11:02, 242, 132, 24
22:11:03, 245, 132, 24
22:11:04, 248, 134, 24
22:11:06, 245, 135, 24
22:11:07, 242, 134, 24
22:11:08, 237, 134, 24
22:11:10, 233, 134, 24
22:11:11, 229, 135, 24
22:11:12, 225, 136, 24
22:11:15, 223, 136, 20
22:11:16, 224, 132, 24
22:11:18, 224, 128, 24
22:11:19, 224, 124, 24
22:11:20, 224, 120, 24
22:11:22, 223, 115, 24
22:11:23, 223, 111, 20
22:11:24, 225, 108, 24
22:11:27, 228, 108, 24
22:11:28, 232, 107, 24
22:11:30, 236, 107, 24
22:11:31, 237, 106, 24
22:11:32, 238, 105, 24
22:11:35, 239, 104, 24
22:11:36, 240, 103, 24
22:11:51, 241, 103, 24
22:11:52, 245, 102, 24
22:13:31, 243, 101, 24
22:13:33, 242, 101, 24
22:13:38, 243, 102, 24
22:13:40, 246, 103, 24
22:13:41, 246, 104, 24
22:13:42, 247, 104, 24
22:13:44, 248, 104, 24
22:13:46, 244, 103, 24
22:13:48, 243, 103, 24
22:13:49, 245, 103, 24
22:13:50, 249, 104, 24
22:13:52, 250, 104, 24
22:13:53, 250, 105, 28
22:13:57, 249, 106, 28
22:13:58, 248, 106, 28
22:14:00, 248, 105, 28
22:14:01, 251, 105, 24
22:14:02, 250, 105, 24
22:14:05, 248, 105, 24
22:14:06, 244, 106, 24
22:14:08, 240, 107, 24
22:14:09, 236, 109, 24
22:14:10, 231, 109, 24
22:14:12, 227, 109, 24
22:14:13, 223, 108, 24
22:14:14, 222, 104, 20
22:14:16, 220, 100, 20
22:14:20, 221, 98, 20
22:14:21, 222, 94, 20
22:14:22, 222, 92, 20
22:14:24, 223, 92, 20
22:14:25, 223, 89, 20
22:14:26, 221, 85, 20
22:14:28, 221, 80, 20
22:14:29, 221, 76, 20
22:14:30, 221, 72, 20
22:14:32, 222, 71, 20
22:14:33, 223, 71, 20
22:14:36, 221, 70, 20
22:14:37, 222, 70, 20
22:14:38, 224, 72, 24
22:14:40, 225, 70, 24
22:14:41, 228, 72, 24
22:14:42, 231, 70, 20
22:14:44, 234, 68, 20
22:14:45, 237, 66, 20
22:14:54, 236, 66, 20
22:14:56, 232, 68, 20
22:14:57, 230, 69, 20
22:14:58, 227, 69, 24
22:15:00, 226, 66, 24
22:15:16, 226, 69, 24
22:15:17, 224, 73, 24
22:15:18, 223, 77, 20
22:15:20, 223, 81, 20
22:15:21, 223, 85, 20
22:15:22, 223, 90, 20
22:15:24, 222, 94, 20
22:15:25, 222, 98, 20
22:15:26, 222, 102, 20
22:15:28, 222, 107, 20
22:15:29, 222, 111, 20
22:15:30, 222, 115, 20
22:15:32, 221, 119, 20
22:15:33, 219, 123, 20
22:15:34, 221, 127, 20
22:15:36, 223, 130, 20
22:15:37, 223, 134, 20
22:15:38, 222, 138, 20
22:15:40, 221, 143, 20
22:15:41, 221, 147, 20
22:15:42, 220, 151, 20
22:15:44, 220, 155, 20
22:15:45, 220, 160, 20
22:15:46, 220, 164, 20
22:15:48, 220, 166, 20
22:15:49, 221, 166, 20
22:15:50, 223, 167, 20
22:15:52, 226, 170, 24
22:15:53, 229, 172, 24
22:15:54, 230, 173, 24
22:15:56, 233, 170, 24
22:15:57, 236, 167, 24
22:15:58, 237, 163, 24
22:16:00, 238, 161, 24
22:16:01, 236, 163, 24
22:16:02, 234, 167, 24
22:16:04, 232, 171, 24
22:16:05, 229, 173, 24
22:16:06, 225, 175, 24
22:16:08, 221, 176, 20
22:16:09, 218, 179, 20
22:16:10, 215, 181, 20
22:16:12, 211, 183, 20
22:16:13, 207, 185, 20
22:16:14, 203, 186, 20
22:16:16, 199, 186, 20
22:16:17, 194, 187, 20
22:16:18, 190, 187, 20
22:16:20, 186, 187, 20
22:16:21, 182, 188, 20
22:16:22, 177, 188, 20
22:16:24, 175, 192, 24
22:16:25, 174, 195, 24
22:16:26, 173, 194, 24
22:16:28, 170, 192, 24
22:16:29, 168, 195, 24
22:16:30, 165, 198, 24
22:16:32, 165, 202, 24
22:16:33, 166, 206, 24
22:16:34, 166, 211, 24
22:16:36, 166, 214, 24
22:16:37, 163, 213, 24
22:16:38, 164, 217, 24
22:16:40, 168, 219, 24
22:16:41, 172, 221, 24
22:16:42, 173, 221, 24
22:16:44, 175, 222, 24
22:17:24, 175, 221, 24
22:17:25, 173, 221, 24
22:17:27, 168, 221, 24
22:17:29, 167, 221, 24
22:17:31, 162, 221, 24
22:17:32, 159, 219, 20
22:17:33, 158, 215, 20
22:17:35, 159, 211, 20
22:17:36, 162, 208, 20
22:17:37, 163, 206, 24
22:17:39, 163, 202, 24
22:17:40, 164, 198, 24
22:17:41, 168, 196, 24
22:17:43, 172, 195, 24
22:17:44, 174, 198, 24
22:17:45, 173, 202, 24
22:17:47, 173, 206, 24
22:17:48, 171, 210, 24
22:17:49, 172, 214, 24
22:17:51, 175, 212, 24
22:17:52, 175, 208, 24
22:17:53, 175, 204, 24
22:17:55, 174, 201, 24
22:17:56, 175, 201, 24
22:17:57, 175, 202, 24
22:18:03, 172, 203, 24
22:18:04, 172, 199, 24
22:18:05, 173, 196, 24
22:18:07, 176, 192, 24
22:18:08, 175, 190, 20
22:18:44, 174, 190, 20
22:18:45, 172, 190, 20
22:18:48, 171, 190, 20
22:18:49, 166, 191, 20
22:18:51, 162, 191, 20
22:18:52, 163, 188, 20
22:18:53, 162, 186, 20
22:18:55, 158, 184, 20
22:18:56, 154, 183, 20
22:18:57, 155, 183, 20
22:18:59, 159, 185, 20
22:19:00, 163, 187, 20
22:19:01, 166, 190, 20
22:19:03, 169, 192, 24
22:19:04, 172, 195, 24
22:19:05, 173, 199, 24
22:19:07, 171, 203, 24
22:19:08, 168, 206, 24
22:19:09, 170, 207, 24
22:19:11, 170, 205, 24
22:19:12, 172, 201, 24
22:19:13, 173, 197, 24
22:19:15, 174, 193, 24
22:19:16, 175, 189, 20
22:19:17, 177, 186, 20
22:19:19, 179, 188, 20
22:19:20, 182, 190, 20
22:19:21, 185, 188, 20
22:19:23, 183, 186, 20
22:19:25, 182, 184, 20
22:19:27, 178, 184, 20
22:19:28, 174, 184, 20
22:19:29, 170, 184, 20
22:19:31, 167, 187, 20
22:19:32, 163, 188, 20
22:19:33, 159, 187, 20
22:19:35, 156, 189, 20
22:19:36, 152, 187, 20
22:19:37, 149, 184, 20
22:19:39, 147, 180, 20
22:19:40, 145, 176, 20
22:19:41, 143, 174, 24
22:19:43, 140, 171, 24
22:19:44, 136, 168, 24
22:19:45, 133, 166, 24
22:19:47, 129, 167, 24
22:19:48, 125, 168, 24
22:19:49, 121, 170, 20
22:19:51, 118, 173, 20
22:19:52, 114, 176, 20
22:19:53, 112, 178, 24
22:19:55, 111, 179, 24
22:19:56, 111, 176, 24
22:19:57, 111, 171, 20
22:19:59, 114, 172, 20
22:20:00, 118, 172, 20
22:20:02, 122, 173, 20
22:20:03, 126, 176, 20
22:20:04, 129, 178, 20
22:20:06, 133, 180, 20
22:20:07, 137, 183, 20
22:20:08, 140, 185, 20
22:20:10, 144, 186, 20
22:20:11, 148, 186, 20
22:20:12, 152, 187, 20
22:20:14, 156, 188, 20
22:20:15, 161, 189, 20
22:20:16, 165, 190, 20
22:20:18, 169, 191, 20
22:20:19, 173, 192, 24
22:20:20, 174, 196, 24
22:20:22, 174, 194, 24
22:20:23, 173, 192, 24
22:20:24, 169, 191, 24
22:20:26, 165, 190, 20
22:20:27, 161, 190, 20
22:20:28, 157, 190, 20
22:20:30, 153, 189, 20
22:20:31, 149, 187, 20
22:20:32, 145, 185, 20
22:20:34, 142, 182, 20
22:20:35, 138, 180, 20
22:20:36, 135, 178, 20
22:20:38, 131, 176, 20
22:20:39, 127, 173, 20
22:20:40, 124, 171, 20
22:20:42, 120, 170, 20
22:20:43, 116, 168, 20
22:20:44, 112, 166, 20
22:20:46, 108, 164, 20
22:20:47, 104, 162, 20
22:20:48, 100, 161, 20
22:20:50, 97, 159, 20
22:20:51, 93, 157, 20
22:20:52, 89, 155, 20
22:20:54, 86, 154, 20
22:20:55, 85, 154, 20
22:20:58, 86, 150, 20
22:20:59, 87, 148, 24
22:21:00, 82, 149, 24
22:21:02, 80, 148, 24
22:21:06, 83, 145, 24
22:21:07, 86, 142, 24
22:21:08, 89, 139, 24
22:21:10, 92, 136, 24
22:21:11, 94, 132, 20
22:21:12, 97, 129, 20
22:21:14, 99, 125, 20
22:21:15, 101, 121, 20
22:21:16, 104, 118, 20
22:21:18, 107, 116, 20
22:21:19, 110, 113, 24
22:21:20, 114, 112, 24
22:21:22, 117, 112, 24
22:21:23, 113, 112, 24
22:21:24, 114, 110, 24
22:21:26, 113, 106, 24
22:21:27, 111, 102, 20
22:21:28, 111, 97, 20
22:21:30, 111, 96, 20
22:21:31, 110, 97, 20
22:22:10, 109, 96, 20
22:22:11, 110, 97, 20
22:22:12, 110, 101, 20
22:22:14, 109, 105, 20
22:22:15, 108, 109, 20
22:22:16, 110, 112, 24
22:22:18, 114, 113, 24
22:22:19, 119, 113, 24
22:22:20, 122, 116, 24
22:22:22, 124, 119, 24
22:22:23, 126, 122, 24
22:22:24, 128, 121, 24
22:22:26, 125, 123, 24
22:22:27, 122, 125, 24
22:22:28, 122, 129, 24
22:22:30, 125, 129, 24
22:22:31, 128, 129, 24
22:22:32, 132, 129, 28
22:22:34, 135, 129, 28
22:22:35, 139, 128, 28
22:22:36, 141, 126, 32
22:22:38, 144, 127, 28
22:22:39, 143, 131, 28
22:22:40, 145, 131, 28
22:22:42, 143, 130, 28
22:22:44, 145, 132, 28
22:22:46, 147, 128, 28
22:22:47, 149, 125, 28
22:22:48, 152, 121, 28
22:22:50, 155, 120, 32
22:22:51, 156, 121, 32
22:22:52, 154, 122, 32
22:22:54, 154, 120, 36
22:22:55, 155, 119, 36
22:22:56, 157, 120, 36
22:22:58, 162, 120, 36
22:22:59, 166, 119, 36
22:23:00, 170, 119, 36
22:23:02, 174, 118, 36
22:23:03, 178, 116, 36
22:23:04, 182, 114, 36
22:23:06, 186, 112, 36
22:23:07, 188, 115, 36
22:23:08, 187, 120, 36
22:23:10, 185, 124, 36
22:23:11, 185, 128, 36
22:23:12, 185, 132, 36
22:23:14, 185, 136, 36
22:23:15, 185, 140, 36
22:23:16, 183, 144, 36
22:23:18, 181, 148, 36
22:23:19, 180, 152, 36
22:23:23, 179, 152, 36
22:23:24, 175, 151, 36
22:23:26, 171, 151, 36
22:23:27, 167, 151, 36
22:23:28, 162, 151, 36
22:23:30, 158, 152, 36
22:23:31, 154, 152, 36
22:23:32, 150, 152, 36
22:23:34, 146, 150, 36
22:23:35, 141, 150, 36
22:23:36, 137, 150, 36
22:23:38, 133, 149, 36
22:23:39, 129, 149, 36
22:23:40, 124, 149, 36
22:23:42, 122, 146, 36
22:23:43, 121, 142, 36
22:23:44, 120, 138, 36
22:23:46, 120, 134, 36
22:23:47, 122, 130, 36
22:23:48, 122, 126, 36
22:23:50, 122, 122, 36
22:23:51, 122, 117, 36
22:23:52, 126, 115, 36
22:23:54, 129, 113, 36
22:23:55, 134, 112, 36
22:23:56, 138, 112, 36
22:23:58, 142, 113, 36
22:23:59, 146, 113, 36
22:24:00, 151, 113, 36
22:24:02, 155, 113, 36
22:24:03, 159, 113, 36
22:24:04, 163, 114, 36
22:24:06, 168, 115, 36
22:24:07, 169, 118, 36
22:24:08, 166, 120, 36
22:24:10, 164, 120, 36
22:24:11, 160, 120, 36
22:24:12, 156, 119, 36
22:24:14, 153, 120, 36
22:24:15, 155, 123, 36
22:24:16, 157, 126, 28
22:24:18, 153, 127, 28
22:24:19, 153, 128, 28
22:24:20, 155, 130, 32
22:24:22, 154, 134, 28
22:24:23, 151, 137, 28
22:24:24, 148, 140, 28
22:24:26, 148, 144, 28
22:24:27, 149, 148, 28
22:24:28, 152, 150, 28
22:24:30, 157, 150, 28
22:24:31, 161, 151, 28
22:24:34, 162, 152, 28
22:24:35, 167, 152, 28
22:24:37, 168, 152, 28
22:24:38, 169, 152, 28
22:24:39, 173, 150, 28
22:24:41, 175, 147, 28
22:24:42, 180, 147, 28
22:24:43, 183, 148, 28
22:24:45, 186, 152, 28
22:24:51, 186, 156, 28
22:24:53, 186, 161, 28
22:24:54, 190, 162, 28
22:24:55, 194, 160, 28
22:24:57, 197, 159, 28
22:24:58, 196, 163, 28
22:24:59, 195, 163, 28
22:25:06, 193, 162, 28
22:25:07, 189, 161, 28
22:25:09, 187, 162, 28
22:25:13, 186, 162, 28
22:25:14, 185, 161, 28
22:25:15, 186, 157, 28
22:25:17, 186, 154, 28
22:25:19, 187, 152, 28
22:25:21, 188, 148, 28
22:25:22, 188, 144, 28
22:25:23, 185, 142, 28
22:25:25, 184, 142, 28
22:25:27, 182, 141, 28
22:25:29, 180, 137, 28
22:25:30, 178, 133, 28
22:25:31, 178, 129, 28
22:25:33, 178, 124, 28
22:25:34, 178, 120, 28
22:25:35, 176, 117, 28
22:25:37, 177, 113, 28
22:25:38, 180, 110, 28
22:25:39, 183, 108, 28
22:25:41, 188, 107, 28
22:25:42, 192, 107, 24
22:25:43, 196, 107, 24
22:25:45, 198, 103, 24
22:25:46, 199, 99, 24
22:25:47, 200, 98, 24
22:25:58, 200, 100, 24
22:25:59, 203, 103, 24
22:26:01, 204, 103, 24
22:26:02, 203, 102, 24
22:26:03, 203, 106, 24
22:26:05, 206, 105, 24
22:26:06, 210, 106, 24
22:26:07, 214, 108, 20
22:26:09, 218, 110, 20
22:26:10, 220, 113, 20
22:26:11, 219, 118, 20
22:26:13, 219, 122, 20
22:26:14, 219, 126, 20
22:26:15, 219, 130, 20
22:26:17, 221, 131, 20
22:26:18, 223, 133, 20
22:26:19, 220, 133, 20
22:26:22, 223, 133, 20
22:26:23, 223, 134, 24
22:26:25, 224, 138, 24
22:26:26, 224, 142, 24
22:26:27, 224, 146, 24
22:26:29, 224, 150, 24
22:26:30, 223, 155, 20
22:26:31, 222, 159, 20
22:26:33, 222, 163, 20
22:26:34, 221, 167, 20
22:26:35, 220, 172, 20
22:26:37, 220, 176, 20
22:26:38, 220, 180, 20
22:26:39, 221, 183, 20
22:26:43, 224, 184, 20
22:26:45, 228, 185, 20
22:26:46, 229, 185, 20
cb89012d-a40f-4063-8c4f-16d808fe0326, 10/25/2006
18:23:33, 142, 34, 24
21:36:39, 164, 159, 32
21:36:41, 164, 159, 28
22:16:50, 255, 219, 20
4065438f-1b67-4c63-8f46-fde3327079dc, 7/23/2008
18:45:31, 203, 77, 24
18:55:10, 194, 74, 24
18:56:01, 195, 74, 24
18:56:02, 197, 73, 24
18:56:09, 199, 75, 24
18:56:10, 203, 77, 24
19:04:03, 202, 79, 24
19:04:05, 200, 82, 24
19:04:09, 202, 79, 24
19:04:10, 202, 78, 24
19:04:17, 200, 76, 24
19:31:16, 200, 75, 24
19:31:22, 202, 79, 24
19:31:23, 203, 80, 24
19:41:23, 201, 77, 24
22:13:58, 199, 75, 24
22:14:01, 197, 73, 24
22:14:02, 193, 73, 24
22:14:04, 189, 74, 24
22:14:05, 187, 74, 24
22:14:14, 190, 74, 24
22:14:16, 194, 74, 24
22:14:17, 199, 74, 24
22:14:18, 201, 77, 24
22:14:20, 202, 77, 24
c08fbfe9-71cd-4f44-aee1-3ea43e8f01eb, 12/11/2010
18:49:56, 190, 164, 24
18:50:08, 190, 162, 24
18:50:09, 190, 161, 24
18:50:12, 190, 163, 24
18:50:13, 191, 167, 24
18:50:15, 195, 168, 24
18:50:16, 199, 167, 24
18:50:23, 200, 166, 24
18:50:24, 202, 163, 24
18:50:25, 203, 161, 24
18:50:27, 206, 161, 24
18:50:29, 204, 164, 24
18:50:31, 201, 166, 24
18:50:43, 200, 168, 24
18:50:44, 197, 171, 24
18:50:46, 193, 173, 24
18:51:14, 193, 172, 24
18:51:16, 193, 173, 24
18:51:18, 194, 175, 24
18:51:34, 193, 172, 24
18:51:36, 194, 171, 24
18:51:38, 197, 170, 24
18:51:39, 197, 168, 24
18:51:40, 196, 167, 24
18:53:07, 194, 167, 24
18:53:09, 193, 167, 24
18:59:44, 192, 167, 24
18:59:46, 191, 166, 24
9b0ecf28-c298-4583-996e-8d66d50848ce, 3/31/2006
18:50:43, 199, 166, 24
18:50:56, 198, 168, 24
18:50:58, 196, 172, 24
18:50:59, 196, 174, 24
18:51:00, 195, 174, 24
18:51:02, 196, 176, 24
18:51:03, 196, 177, 24
18:51:36, 196, 173, 24
18:51:38, 195, 171, 24
18:51:39, 195, 170, 24
18:51:40, 196, 170, 24
18:51:42, 196, 168, 24
18:52:57, 197, 168, 24
18:52:59, 197, 167, 24
18:53:10, 193, 168, 24
18:53:11, 192, 167, 24
18:53:13, 188, 168, 24
18:53:15, 190, 169, 24
18:53:17, 192, 169, 24
16c3e8f7-4fa2-454e-b054-25324c504071, 5/28/2009
19:30:06, 86, 106, 52
19:31:12, 86, 107, 52
19:31:14, 84, 111, 52
19:31:15, 85, 114, 52
19:31:16, 88, 116, 52
19:31:18, 93, 115, 52
19:31:19, 93, 114, 52
19:31:23, 97, 114, 52
19:31:24, 102, 113, 32
19:31:26, 104, 113, 20
19:31:31, 104, 110, 20
19:31:32, 105, 106, 20
19:31:34, 107, 102, 20
19:31:35, 109, 99, 20
19:31:36, 109, 98, 20
19:31:47, 109, 95, 20
19:31:48, 109, 91, 20
19:31:50, 109, 87, 20
19:31:51, 110, 85, 20
19:31:52, 110, 84, 20
19:31:54, 111, 80, 20
19:31:55, 112, 76, 20
19:31:56, 113, 72, 20
19:31:58, 113, 67, 20
19:31:59, 115, 63, 20
19:32:00, 118, 60, 20
19:32:02, 121, 58, 20
19:32:03, 125, 57, 20
19:32:04, 129, 56, 20
19:32:06, 134, 56, 20
19:32:07, 138, 56, 20
19:32:08, 142, 56, 20
19:32:10, 146, 56, 20
19:32:11, 151, 56, 20
19:32:12, 155, 56, 20
19:32:14, 159, 56, 20
19:32:15, 164, 56, 20
19:32:16, 168, 57, 20
19:32:18, 171, 57, 20
19:32:19, 175, 58, 20
19:32:20, 178, 59, 24
19:32:22, 182, 60, 24
19:32:23, 187, 60, 24
19:32:24, 191, 60, 24
19:32:26, 195, 61, 24
19:32:27, 197, 61, 24
19:33:05, 198, 61, 24
19:33:06, 199, 60, 24
19:33:26, 199, 60, 40
19:33:27, 199, 60, 56
19:33:42, 209, 56, 56
19:33:43, 210, 56, 56
19:33:46, 211, 57, 56
19:33:47, 215, 59, 56
19:33:49, 231, 69, 56
19:33:50, 249, 80, 52
19:33:51, 255, 88, 52
48c2575d-4b1a-4f57-bc9f-2d824d6a74a3, 12/3/2005
19:40:59, 218, 54, 24
19:41:01, 218, 54, 20
19:41:47, 48, 68, 52
19:43:22, 232, 70, 20
c3b6dde1-caac-4c08-abb0-13f753207c24, 4/4/2012
19:44:40, 22, 140, 24
19:44:52, 21, 141, 24
19:44:53, 17, 142, 24
19:44:55, 17, 143, 24
19:44:57, 17, 142, 24
19:44:59, 20, 140, 24
19:45:00, 23, 138, 24
19:45:01, 27, 135, 24
19:45:03, 30, 133, 20
19:45:04, 35, 134, 20
19:45:05, 38, 136, 20
19:45:07, 42, 138, 20
19:45:08, 46, 139, 20
19:45:09, 50, 141, 20
19:45:11, 54, 143, 20
20:07:11, 57, 144, 20
20:07:13, 61, 145, 20
20:07:14, 61, 142, 20
20:07:15, 57, 141, 20
20:07:17, 52, 140, 20
20:07:18, 45, 140, 20
20:07:19, 38, 141, 20
20:07:21, 32, 141, 24
20:07:22, 29, 147, 24
20:07:23, 26, 154, 24
20:07:25, 23, 158, 24
03b4db95-0f13-4ebb-8425-1833f3ebe9c3, 1/14/2007
19:49:35, 230, 186, 24
19:49:38, 230, 186, 20
3a5f9a67-0b60-4b23-a531-b8626eaee59c, 11/18/2010
20:14:16, 185, 111, 20
03f16dfa-de99-46ec-a241-ad651a90a5d6, 5/30/2012
20:30:11, 248, 222, 20
20:30:13, 247, 222, 20
20:30:22, 248, 222, 20
20:30:23, 251, 224, 20
20:30:25, 255, 227, 20
20:30:26, 255, 229, 20
20:31:29, 197, 223, 36
20:31:30, 200, 207, 36
20:31:32, 201, 207, 36
20:31:34, 201, 207, 44
20:31:36, 201, 200, 44
20:31:37, 210, 183, 44
20:31:38, 218, 178, 44
20:31:42, 218, 173, 44
20:31:44, 216, 152, 44
20:31:45, 213, 131, 44
20:31:46, 220, 111, 40
20:31:48, 228, 93, 40
20:31:49, 225, 84, 40
20:31:50, 216, 69, 40
20:31:52, 216, 68, 40
20:31:56, 213, 80, 40
20:31:57, 216, 101, 40
20:31:58, 223, 121, 40
20:32:00, 226, 142, 40
20:32:01, 227, 160, 40
20:32:02, 227, 161, 40
20:32:04, 218, 169, 40
20:32:05, 205, 174, 40
20:32:06, 208, 176, 40
20:32:08, 209, 177, 40
20:32:09, 193, 180, 40
20:32:10, 174, 190, 40
20:32:12, 163, 200, 40
20:32:13, 154, 202, 40
20:32:14, 148, 203, 40
20:32:16, 147, 192, 40
20:32:17, 147, 182, 40
20:32:18, 154, 182, 40
20:32:26, 154, 182, 24
20:32:28, 153, 182, 20
20:32:30, 155, 183, 20
20:32:32, 156, 187, 20
20:32:33, 156, 188, 20
20:32:36, 156, 185, 20
20:32:37, 155, 181, 20
20:32:38, 156, 178, 20
20:32:40, 157, 177, 20
20:32:44, 157, 176, 20
20:32:45, 158, 175, 20
20:35:21, 160, 176, 20
20:35:23, 161, 180, 20
20:35:24, 160, 183, 20
20:35:25, 157, 186, 20
20:35:27, 154, 188, 20
20:37:20, 154, 188, 24
20:37:22, 154, 188, 28
20:37:23, 154, 188, 20
21:00:04, 155, 187, 20
21:00:05, 160, 187, 20
21:00:07, 161, 187, 20
21:00:11, 159, 188, 20
21:00:13, 158, 193, 20
21:00:15, 158, 200, 20
21:00:16, 156, 206, 20
21:00:18, 155, 213, 20
21:00:19, 154, 220, 20
21:00:20, 153, 227, 20
21:00:21, 151, 230, 20
21:00:23, 149, 233, 20
21:00:24, 149, 238, 20
21:00:25, 149, 242, 20
21:00:27, 149, 246, 20
21:00:28, 149, 250, 20
21:00:29, 149, 251, 20
21:00:31, 146, 251, 24
21:00:32, 146, 252, 24
562a43d7-1210-477d-93ed-dd0677442b74, 11/17/2008
20:41:19, 235, 200, 36
20:41:22, 238, 200, 36
20:41:23, 246, 198, 36
20:41:26, 238, 194, 36
20:41:27, 230, 191, 36
20:41:29, 229, 187, 36
20:41:30, 226, 166, 36
20:41:31, 223, 145, 36
20:41:33, 221, 124, 36
20:41:34, 218, 103, 36
20:41:35, 215, 87, 36
20:41:37, 217, 79, 36
20:41:38, 218, 72, 36
20:41:43, 218, 72, 24
20:41:45, 218, 72, 20
20:41:51, 221, 71, 20
20:41:53, 225, 70, 20
20:41:54, 229, 69, 20
20:41:55, 233, 68, 20
20:41:57, 235, 68, 20
20:41:59, 238, 66, 20
20:42:01, 239, 65, 20
20:42:17, 237, 66, 20
20:42:18, 234, 66, 20
20:42:21, 233, 69, 20
20:42:22, 232, 69, 20
20:42:23, 230, 69, 20
20:42:25, 226, 69, 20
20:42:30, 225, 65, 20
20:42:31, 224, 60, 20
20:42:33, 223, 56, 20
20:42:34, 224, 52, 20
20:42:35, 225, 49, 20
20:42:37, 224, 47, 20
20:42:38, 224, 46, 20
20:50:35, 223, 46, 20
20:50:38, 223, 43, 20
20:50:39, 223, 38, 20
20:50:51, 223, 37, 20
20:50:52, 223, 32, 20
20:50:54, 222, 28, 20
20:50:55, 222, 25, 20
20:50:56, 222, 21, 20
20:51:03, 224, 19, 24
20:51:04, 225, 18, 20
20:51:12, 225, 13, 20
20:51:14, 225, 12, 20
21:06:08, 225, 11, 20
21:06:09, 226, 7, 20
21:06:10, 227, 3, 20
21:06:12, 231, 2, 20
21:06:13, 235, 3, 20
21:06:14, 239, 2, 20
21:06:16, 244, 3, 20
21:06:17, 248, 2, 20
21:06:18, 252, 2, 20
21:06:20, 255, 2, 20
518920c8-a982-4d17-b86d-e3e03fa5a68f, 9/3/2012
21:11:55, 141, 250, 20
21:11:58, 140, 250, 24
21:11:59, 139, 248, 24
21:12:00, 142, 248, 20
21:12:02, 139, 244, 20
21:12:03, 136, 230, 24
21:12:04, 130, 227, 20
21:12:06, 125, 225, 20
21:12:07, 120, 223, 20
21:12:08, 114, 221, 20
21:12:10, 111, 221, 28
21:12:11, 109, 222, 28
21:12:12, 107, 222, 32
21:12:14, 103, 225, 28
21:12:15, 102, 232, 32
21:12:16, 96, 234, 32
21:12:18, 89, 235, 32
21:12:19, 82, 234, 32
21:12:20, 76, 236, 24
21:12:22, 74, 237, 24
21:12:23, 78, 240, 24
21:12:24, 81, 242, 24
21:12:26, 85, 242, 24
21:12:27, 89, 241, 24
21:12:28, 93, 241, 24
21:12:30, 98, 241, 24
21:12:31, 102, 241, 24
21:12:32, 106, 241, 24
21:12:34, 110, 241, 24
21:12:35, 115, 241, 24
21:12:36, 116, 241, 24
21:12:44, 116, 239, 24
21:12:51, 119, 240, 24
21:12:52, 123, 238, 24
21:12:54, 126, 240, 24
21:12:55, 124, 243, 24
21:12:56, 121, 244, 24
21:13:03, 120, 244, 24
21:13:04, 119, 245, 24
21:13:06, 116, 244, 24
21:13:07, 112, 244, 24
21:13:08, 108, 244, 24
21:13:10, 104, 243, 28
21:13:11, 98, 241, 32
21:13:12, 93, 241, 24
21:13:14, 92, 241, 24
21:13:15, 88, 241, 24
21:13:16, 83, 241, 24
21:13:18, 81, 241, 24
21:13:20, 84, 241, 24
21:13:26, 86, 241, 24
21:13:27, 98, 241, 24
21:13:28, 105, 242, 24
21:13:34, 108, 241, 24
21:13:35, 120, 239, 24
21:13:36, 133, 239, 24
21:13:39, 132, 240, 24
21:13:40, 129, 243, 24
21:13:42, 128, 247, 24
21:13:43, 129, 248, 24
21:13:44, 131, 248, 24
21:13:46, 135, 250, 24
21:13:47, 135, 253, 24
21:13:48, 137, 252, 24
21:13:50, 138, 253, 24
21:13:51, 139, 253, 24
21:13:54, 138, 252, 24
21:13:58, 138, 252, 28
21:13:59, 138, 252, 36
21:14:00, 138, 252, 24
21:14:02, 138, 252, 28
21:14:03, 138, 252, 32
21:14:05, 138, 252, 36
21:14:14, 136, 249, 40
21:14:17, 137, 248, 48
21:14:18, 137, 250, 48
21:14:19, 138, 250, 40
21:14:22, 136, 249, 40
21:14:23, 133, 250, 40
21:14:25, 133, 254, 40
21:14:26, 137, 253, 40
21:14:27, 138, 250, 40
21:14:30, 135, 249, 40
21:14:31, 131, 248, 40
21:14:33, 132, 252, 40
21:14:34, 136, 252, 40
21:14:35, 138, 251, 40
21:14:37, 138, 247, 40
21:14:38, 134, 248, 40
21:14:39, 131, 252, 40
21:14:41, 133, 253, 40
21:14:42, 136, 249, 36
21:14:43, 134, 253, 36
21:14:45, 137, 250, 36
21:14:46, 135, 252, 40
21:14:47, 134, 252, 44
21:14:49, 135, 252, 40
21:14:50, 136, 251, 44
21:14:51, 137, 249, 40
21:14:54, 131, 251, 48
21:14:55, 132, 249, 44
21:14:57, 137, 249, 40
21:14:58, 137, 253, 44
21:14:59, 135, 254, 48
21:15:01, 132, 251, 40
21:15:02, 132, 247, 44
21:15:03, 134, 248, 44
21:15:05, 138, 248, 40
21:15:06, 137, 251, 40
21:15:07, 134, 254, 40
21:15:10, 135, 254, 40
21:15:11, 134, 254, 40
21:15:13, 134, 251, 40
21:15:14, 134, 249, 28
21:15:15, 134, 249, 24
21:15:18, 128, 248, 24
21:15:19, 121, 248, 24
21:15:21, 114, 247, 24
21:15:22, 108, 247, 24
21:15:23, 101, 247, 28
21:15:25, 93, 246, 28
21:15:26, 89, 245, 24
21:15:27, 84, 242, 24
21:15:29, 81, 240, 24
21:15:39, 78, 242, 24
21:15:41, 68, 255, 24
20142564-3751-4aa4-b0ed-9aa158fa06ee, 1/28/2012
21:12:06, 112, 230, 20
21:12:07, 112, 230, 24
21:12:11, 113, 234, 24
21:12:12, 113, 238, 24
21:12:14, 117, 240, 24
21:12:15, 121, 240, 24
21:12:16, 124, 243, 24
21:12:18, 127, 246, 24
21:12:19, 129, 247, 24
21:12:23, 132, 249, 24
21:12:24, 136, 251, 24
21:12:26, 134, 253, 24
21:12:27, 131, 251, 24
21:12:28, 130, 248, 24
21:12:30, 129, 248, 24
21:12:31, 127, 246, 24
21:12:32, 124, 243, 24
21:12:34, 121, 241, 24
21:12:35, 117, 241, 24
22:11:43, 247, 227, 32
22:11:44, 245, 226, 32
22:11:46, 233, 224, 32
22:11:47, 213, 230, 36
22:11:48, 199, 246, 36
22:11:50, 198, 255, 36
bad753f4-c87d-4192-8663-0f578dfe06f4, 1/29/2008
21:18:33, 232, 70, 24
21:18:43, 232, 70, 20
21:19:04, 231, 70, 20
21:19:05, 229, 71, 20
21:19:07, 229, 71, 24
21:19:08, 226, 72, 24
21:19:09, 225, 73, 24
21:19:11, 221, 75, 20
21:19:12, 218, 77, 20
21:19:13, 217, 77, 20
21:19:15, 215, 76, 20
21:19:16, 214, 75, 20
21:20:12, 214, 79, 20
21:20:22, 214, 79, 24
21:20:23, 214, 79, 28
21:20:24, 214, 79, 48
21:20:25, 214, 79, 56
21:20:35, 214, 80, 56
21:20:36, 218, 99, 52
21:20:38, 223, 120, 52
21:20:39, 227, 140, 52
21:20:40, 232, 161, 52
21:20:42, 233, 179, 52
21:20:43, 233, 181, 52
ca28b3a8-e9b9-419d-8308-3c2230df4978, 12/29/2007
22:36:50, 201, 75, 24
00664f84-2469-460b-a87c-8324c4352598, 11/15/2012
22:52:41, 213, 255, 36
Holly Forgraine, 
14:18:09,131.0,117.0,24.0
14:19:23,98.0,144.0,20.0
14:22:01,33.0,209.0,20.0
14:23:39,52.0,32.0,24.0
14:25:36,143.0,182.0,20.0
14:28:34,216.0,53.0,20.0
Saffia Olivieri, 
14:18:19,139.0,114.0,48.0
14:18:33,150.0,108.0,48.0
14:18:34,167.0,107.0,48.0
14:18:36,184.0,117.0,48.0
14:18:37,193.0,136.0,48.0
14:18:38,193.0,156.0,48.0
14:18:40,174.0,162.0,48.0
14:18:41,155.0,154.0,48.0
14:18:42,153.0,152.0,48.0
14:18:45,155.0,158.0,48.0
14:18:46,155.0,159.0,48.0
14:18:48,155.0,155.0,48.0
14:18:54,92.0,158.0,48.0
14:18:56,92.0,158.0,44.0
14:18:57,92.0,158.0,24.0
14:18:58,91.0,158.0,20.0
14:19:00,92.0,158.0,20.0
14:19:01,93.0,154.0,20.0
14:19:02,94.0,151.0,20.0
14:19:04,96.0,148.0,20.0
14:19:05,98.0,144.0,20.0
14:19:35,97.0,144.0,20.0
14:19:53,96.0,145.0,20.0
14:21:40,41.0,213.0,20.0
14:21:41,40.0,211.0,20.0
14:21:43,38.0,209.0,20.0
14:21:44,33.0,209.0,20.0
14:22:14,46.0,57.0,20.0
14:22:23,45.0,61.0,20.0
14:22:24,43.0,65.0,20.0
14:22:26,41.0,68.0,20.0
14:22:27,39.0,72.0,20.0
14:22:28,38.0,76.0,20.0
14:22:30,37.0,80.0,20.0
14:22:31,34.0,83.0,20.0
14:22:32,31.0,86.0,20.0
14:22:34,27.0,88.0,20.0
14:22:35,26.0,89.0,20.0
14:22:37,25.0,91.0,20.0
14:22:39,25.0,95.0,20.0
14:22:40,25.0,99.0,20.0
14:22:41,23.0,103.0,20.0
14:22:43,22.0,107.0,20.0
14:22:44,20.0,111.0,20.0
14:22:45,19.0,115.0,20.0
14:22:47,17.0,119.0,20.0
14:22:48,13.0,120.0,20.0
14:22:49,10.0,119.0,20.0
14:22:51,10.0,121.0,20.0
14:22:52,10.0,125.0,20.0
14:22:55,10.0,127.0,20.0
14:22:57,9.0,129.0,20.0
14:22:58,10.0,127.0,20.0
14:22:59,10.0,125.0,20.0
14:23:09,14.0,123.0,20.0
14:23:10,16.0,120.0,20.0
14:23:13,72.0,24.0,20.0
14:23:14,71.0,22.0,20.0
14:23:15,73.0,18.0,20.0
14:23:16,75.0,17.0,20.0
14:23:18,72.0,19.0,24.0
14:23:19,56.0,29.0,28.0
14:23:20,42.0,37.0,20.0
14:23:22,45.0,34.0,20.0
14:23:23,48.0,32.0,20.0
14:23:24,52.0,33.0,20.0
14:23:45,53.0,35.0,20.0
14:23:46,54.0,36.0,20.0
14:23:50,217.0,39.0,20.0
14:23:52,217.0,40.0,20.0
14:23:54,216.0,45.0,20.0
14:23:55,213.0,47.0,20.0
14:23:56,209.0,49.0,20.0
14:23:58,205.0,50.0,20.0
14:23:59,201.0,50.0,20.0
14:24:00,197.0,51.0,20.0
14:24:02,192.0,51.0,20.0
14:24:03,188.0,52.0,20.0
14:24:04,184.0,52.0,20.0
14:24:06,179.0,52.0,20.0
14:24:07,175.0,53.0,20.0
14:24:08,171.0,53.0,20.0
14:24:10,167.0,53.0,20.0
14:24:11,162.0,53.0,20.0
14:24:12,158.0,54.0,20.0
14:24:14,154.0,54.0,20.0
14:24:15,149.0,54.0,20.0
14:24:16,145.0,54.0,20.0
14:24:18,141.0,54.0,20.0
14:24:20,137.0,54.0,20.0
14:24:21,132.0,54.0,20.0
14:24:22,128.0,54.0,20.0
14:24:23,124.0,54.0,20.0
14:24:25,120.0,57.0,20.0
14:24:26,118.0,60.0,20.0
14:24:27,116.0,64.0,20.0
14:24:29,115.0,68.0,20.0
14:24:30,115.0,72.0,20.0
14:24:31,115.0,76.0,20.0
14:24:33,114.0,81.0,20.0
14:24:34,113.0,85.0,20.0
14:24:35,113.0,86.0,20.0
14:24:38,112.0,90.0,20.0
14:24:39,111.0,94.0,20.0
14:24:41,110.0,98.0,20.0
14:24:42,109.0,102.0,20.0
14:24:43,107.0,106.0,20.0
14:24:45,106.0,110.0,20.0
14:24:46,105.0,114.0,20.0
14:24:47,103.0,118.0,20.0
14:24:49,102.0,122.0,20.0
14:24:50,101.0,126.0,20.0
14:24:51,100.0,130.0,20.0
14:24:53,98.0,135.0,20.0
14:24:54,97.0,139.0,20.0
14:24:55,96.0,143.0,20.0
14:24:57,95.0,147.0,20.0
14:24:58,94.0,151.0,20.0
14:24:59,96.0,155.0,20.0
14:25:01,98.0,158.0,20.0
14:25:02,102.0,160.0,20.0
14:25:03,106.0,162.0,20.0
14:25:05,109.0,164.0,20.0
14:25:06,113.0,166.0,20.0
14:25:07,117.0,168.0,20.0
14:25:09,121.0,170.0,20.0
14:25:10,124.0,172.0,20.0
14:25:11,127.0,174.0,20.0
14:25:18,128.0,174.0,20.0
14:25:20,131.0,176.0,20.0
14:25:21,135.0,178.0,20.0
14:25:22,139.0,180.0,20.0
14:25:24,143.0,182.0,20.0
14:25:25,144.0,183.0,20.0
14:25:40,147.0,184.0,20.0
14:25:41,151.0,184.0,20.0
14:25:42,155.0,185.0,20.0
14:25:44,160.0,185.0,20.0
14:25:45,164.0,185.0,20.0
14:25:46,168.0,185.0,20.0
14:25:48,173.0,185.0,20.0
14:25:49,177.0,185.0,20.0
14:25:50,181.0,185.0,20.0
14:25:52,185.0,185.0,20.0
14:25:53,190.0,185.0,20.0
14:25:54,194.0,185.0,20.0
14:25:56,198.0,185.0,20.0
14:25:57,202.0,185.0,20.0
14:25:58,207.0,185.0,20.0
14:26:00,211.0,185.0,20.0
14:26:01,215.0,185.0,20.0
14:26:02,217.0,181.0,20.0
14:26:04,221.0,181.0,20.0
14:26:06,225.0,183.0,20.0
14:26:07,229.0,185.0,20.0
14:26:08,232.0,187.0,20.0
14:26:10,236.0,189.0,20.0
14:26:11,239.0,192.0,20.0
14:26:12,242.0,196.0,20.0
14:26:13,242.0,200.0,20.0
14:26:15,242.0,204.0,20.0
14:26:16,243.0,208.0,20.0
14:26:17,243.0,213.0,20.0
14:26:19,243.0,217.0,20.0
14:26:20,240.0,220.0,20.0
14:26:21,236.0,222.0,20.0
14:26:23,232.0,222.0,20.0
14:26:24,228.0,222.0,20.0
14:26:25,223.0,222.0,20.0
14:26:27,219.0,222.0,20.0
14:26:28,215.0,223.0,20.0
14:26:29,211.0,224.0,20.0
14:26:31,207.0,225.0,20.0
14:26:32,202.0,226.0,20.0
14:26:33,199.0,228.0,20.0
14:26:35,197.0,232.0,20.0
14:26:36,195.0,236.0,20.0
14:26:37,194.0,240.0,20.0
14:26:39,192.0,244.0,20.0
14:26:40,191.0,248.0,20.0
14:26:41,189.0,252.0,20.0
14:26:43,188.0,255.0,20.0
14:26:56,72.0,243.0,24.0
14:26:58,70.0,240.0,20.0
14:27:03,148.0,179.0,20.0
14:27:07,153.0,179.0,20.0
14:27:08,157.0,180.0,20.0
14:27:10,161.0,180.0,20.0
14:27:11,165.0,180.0,20.0
14:27:12,170.0,180.0,20.0
14:27:14,174.0,181.0,20.0
14:27:15,177.0,181.0,20.0
14:27:21,180.0,181.0,20.0
14:27:23,185.0,181.0,20.0
14:27:24,189.0,182.0,20.0
14:27:25,193.0,181.0,20.0
14:27:27,197.0,180.0,20.0
14:27:28,201.0,179.0,20.0
14:27:29,205.0,177.0,20.0
14:27:31,208.0,174.0,20.0
14:27:32,211.0,171.0,20.0
14:27:33,213.0,167.0,20.0
14:27:35,215.0,163.0,20.0
14:27:36,215.0,159.0,20.0
14:27:37,215.0,156.0,20.0
14:27:39,215.0,155.0,20.0
14:27:40,215.0,152.0,20.0
14:27:41,215.0,148.0,20.0
14:27:43,216.0,143.0,20.0
14:27:44,216.0,140.0,20.0
14:27:50,216.0,137.0,20.0
14:27:51,216.0,133.0,20.0
14:27:52,216.0,129.0,20.0
14:27:54,216.0,124.0,20.0
14:27:55,217.0,120.0,20.0
14:27:56,217.0,116.0,20.0
14:27:58,217.0,112.0,20.0
14:28:04,217.0,109.0,20.0
14:28:06,217.0,105.0,20.0
14:28:07,217.0,100.0,20.0
14:28:08,218.0,96.0,20.0
14:28:10,218.0,92.0,20.0
14:28:11,218.0,87.0,20.0
14:28:12,218.0,83.0,20.0
14:28:14,218.0,79.0,20.0
14:28:15,218.0,75.0,20.0
14:28:16,219.0,70.0,20.0
14:28:18,218.0,66.0,20.0
14:28:19,218.0,62.0,20.0
14:28:20,218.0,58.0,20.0
14:28:22,217.0,54.0,20.0
14:31:33,215.0,54.0,20.0
14:31:34,211.0,53.0,20.0
14:31:36,207.0,51.0,20.0
14:31:37,203.0,51.0,20.0
14:31:38,199.0,51.0,20.0
14:31:40,195.0,51.0,20.0
14:31:41,190.0,50.0,20.0
14:31:42,186.0,50.0,20.0
14:31:44,182.0,50.0,20.0
14:31:45,177.0,50.0,20.0
14:31:46,173.0,50.0,20.0
14:31:48,169.0,50.0,20.0
14:31:49,165.0,50.0,20.0
14:31:50,160.0,50.0,20.0
14:31:52,156.0,50.0,20.0
14:31:53,152.0,50.0,20.0
14:31:54,148.0,50.0,20.0
14:31:55,143.0,50.0,20.0
14:31:57,139.0,51.0,20.0
14:31:58,135.0,51.0,20.0
14:31:59,130.0,51.0,20.0
14:32:01,126.0,52.0,20.0
14:32:02,123.0,55.0,20.0
14:32:03,120.0,58.0,20.0
14:32:05,118.0,61.0,20.0
14:32:06,117.0,65.0,20.0
14:32:07,117.0,66.0,20.0
14:32:13,115.0,69.0,20.0
14:32:14,113.0,73.0,20.0
14:32:15,112.0,76.0,20.0
14:32:19,114.0,74.0,20.0
14:32:20,116.0,70.0,20.0
14:32:21,117.0,67.0,20.0
14:32:24,118.0,65.0,20.0
14:32:25,118.0,61.0,20.0
14:32:26,121.0,61.0,20.0
14:32:28,122.0,61.0,20.0
14:32:29,126.0,60.0,20.0
14:32:30,126.0,63.0,20.0
14:32:32,126.0,66.0,20.0
14:32:34,126.0,61.0,20.0
14:32:36,125.0,60.0,20.0
14:32:37,121.0,61.0,20.0
14:32:38,117.0,62.0,20.0
14:32:40,116.0,66.0,20.0
14:32:41,114.0,70.0,20.0
14:32:42,115.0,72.0,20.0
14:32:44,118.0,74.0,20.0
14:32:45,108.0,59.0,88.0
14:32:46,106.0,63.0,72.0
14:32:48,103.0,67.0,40.0
14:32:49,102.0,68.0,24.0
14:32:50,104.0,68.0,24.0
14:32:52,108.0,69.0,20.0
14:32:53,110.0,73.0,20.0
14:32:54,113.0,76.0,20.0
14:32:56,113.0,80.0,20.0
14:32:57,113.0,82.0,20.0
14:33:01,113.0,87.0,20.0
14:33:02,112.0,91.0,20.0
14:33:03,112.0,92.0,20.0
Angela Ramer, 
14:19:49,18.0,137.0,24.0
bauer Euler, 
14:19:54,42.0,212.0,20.0
MaariaC Resident, 
14:31:21,207.0,53.0,20.0
14:31:52,208.0,51.0,20.0
14:31:53,212.0,45.0,20.0
14:31:54,215.0,39.0,20.0
14:31:55,219.0,34.0,20.0
14:31:57,225.0,35.0,24.0
14:31:58,228.0,35.0,24.0
14:32:09,228.0,31.0,24.0
14:32:10,228.0,24.0,24.0
14:32:11,227.0,17.0,24.0
14:32:13,227.0,12.0,24.0
14:32:17,225.0,11.0,24.0
14:32:19,219.0,8.0,20.0
14:32:20,213.0,5.0,24.0
14:32:21,208.0,2.0,24.0
