Dense-Clutter-1024
0,0,0,467.0,201.0,20.0,0.0,0.0,0.0,10.0,10.0,50.0,PrimBox,
1,1,0,454.0,431.0,20.0,0.0,0.0,0.0,10.0,10.0,50.0,PrimBox,
2,2,0,971.0,807.0,20.0,0.0,0.0,0.0,10.0,10.0,50.0,PrimBox,
3,3,0,40.0,147.0,20.0,0.0,0.0,0.0,10.0,10.0,50.0,PrimBox,
4,4,0,508.0,72.0,20.0,0.0,0.0,0.0,10.0,10.0,50.0,PrimBox,
5,5,0,892.0,1003.0,20.0,0.0,0.0,0.0,10.0,10.0,50.0,PrimBox,
6,6,0,1006.0,617.0,20.0,0.0,0.0,0.0,10.0,10.0,50.0,PrimBox,
7,7,0,874.0,81.0,20.0,0.0,0.0,0.0,10.0,10.0,50.0,PrimBox,
8,8,0,86.0,113.0,20.0,0.0,0.0,0.0,10.0,10.0,50.0,PrimBox,
9,9,0,815.0,823.0,20.0,0.0,0.0,0.0,10.0,10.0,50.0,PrimBox,
10,10,0,666.0,37.0,20.0,0.0,0.0,0.0,10.0,10.0,50.0,PrimBox,
11,11,0,515.0,909.0,20.0,0.0,0.0,0.0,10.0,10.0,50.0,PrimBox,
12,12,0,486.0,52.0,20.0,0.0,0.0,0.0,10.0,10.0,50.0,PrimBox,
13,13,0,310.0,679.0,20.0,0.0,0.0,0.0,10.0,10.0,50.0,PrimBox,
14,14,0,632.0,811.0,20.0,0.0,0.0,0.0,10.0,10.0,50.0,PrimBox,
15,15,0,45.0,631.0,20.0,0.0,0.0,0.0,10.0,10.0,50.0,PrimBox,
16,16,0,215.0,938.0,20.0,0.0,0.0,0.0,10.0,10.0,50.0,PrimBox,
17,17,0,525.0,128.0,20.0,0.0,0.0,0.0,10.0,10.0,50.0,PrimBox,
18,18,0,976.0,138.0,20.0,0.0,0.0,0.0,10.0,10.0,50.0,PrimBox,
19,19,0,156.0,69.0,20.0,0.0,0.0,0.0,10.0,10.0,50.0,PrimBox,
20,20,0,402.0,309.0,20.0,0.0,0.0,0.0,10.0,10.0,50.0,PrimBox,
21,21,0,999.0,173.0,20.0,0.0,0.0,0.0,10.0,10.0,50.0,PrimBox,
22,22,0,399.0,770.0,20.0,0.0,0.0,0.0,10.0,10.0,50.0,PrimBox,
23,23,0,536.0,354.0,20.0,0.0,0.0,0.0,10.0,10.0,50.0,PrimBox,
24,24,0,150.0,43.0,20.0,0.0,0.0,0.0,10.0,10.0,50.0,PrimBox,
25,25,0,841.0,20.0,20.0,0.0,0.0,0.0,10.0,10.0,50.0,PrimBox,
26,26,0,528.0,993.0,20.0,0.0,0.0,0.0,10.0,10.0,50.0,PrimBox,
27,27,0,309.0,377.0,20.0,0.0,0.0,0.0,10.0,10.0,50.0,PrimBox,
28,28,0,364.0,239.0,20.0,0.0,0.0,0.0,10.0,10.0,50.0,PrimBox,
29,29,0,815.0,756.0,20.0,0.0,0.0,0.0,10.0,10.0,50.0,PrimBox,
30,30,0,127.0,400.0,20.0,0.0,0.0,0.0,10.0,10.0,50.0,PrimBox,
31,31,0,838.0,1013.0,20.0,0.0,0.0,0.0,10.0,10.0,50.0,PrimBox,
32,32,0,999.0,850.0,20.0,0.0,0.0,0.0,10.0,10.0,50.0,PrimBox,
33,33,0,568.0,382.0,20.0,0.0,0.0,0.0,10.0,10.0,50.0,PrimBox,
34,34,0,145.0,324.0,20.0,0.0,0.0,0.0,10.0,10.0,50.0,PrimBox,
35,35,0,110.0,686.0,20.0,0.0,0.0,0.0,10.0,10.0,50.0,PrimBox,
36,36,0,513.0,302.0,20.0,0.0,0.0,0.0,10.0,10.0,50.0,PrimBox,
37,37,0,879.0,693.0,20.0,0.0,0.0,0.0,10.0,10.0,50.0,PrimBox,
38,38,0,850.0,566.0,20.0,0.0,0.0,0.0,10.0,10.0,50.0,PrimBox,
39,39,0,1010.0,852.0,20.0,0.0,0.0,0.0,10.0,10.0,50.0,PrimBox,
40,40,0,404.0,18.0,20.0,0.0,0.0,0.0,10.0,10.0,50.0,PrimBox,
41,41,0,544.0,722.0,20.0,0.0,0.0,0.0,10.0,10.0,50.0,PrimBox,
42,42,0,219.0,453.0,20.0,0.0,0.0,0.0,10.0,10.0,50.0,PrimBox,
43,43,0,698.0,329.0,20.0,0.0,0.0,0.0,10.0,10.0,50.0,PrimBox,
44,44,0,563.0,498.0,20.0,0.0,0.0,0.0,10.0,10.0,50.0,PrimBox,
45,45,0,330.0,825.0,20.0,0.0,0.0,0.0,10.0,10.0,50.0,PrimBox,
46,46,0,928.0,225.0,20.0,0.0,0.0,0.0,10.0,10.0,50.0,PrimBox,
47,47,0,278.0,644.0,20.0,0.0,0.0,0.0,10.0,10.0,50.0,PrimBox,
48,48,0,103.0,424.0,20.0,0.0,0.0,0.0,10.0,10.0,50.0,PrimBox,
49,49,0,47.0,826.0,20.0,0.0,0.0,0.0,10.0,10.0,50.0,PrimBox,
50,50,0,809.0,42.0,20.0,0.0,0.0,0.0,10.0,10.0,50.0,PrimBox,
51,51,0,441.0,813.0,20.0,0.0,0.0,0.0,10.0,10.0,50.0,PrimBox,
52,52,0,148.0,328.0,20.0,0.0,0.0,0.0,10.0,10.0,50.0,PrimBox,
53,53,0,644.0,426.0,20.0,0.0,0.0,0.0,10.0,10.0,50.0,PrimBox,
54,54,0,252.0,290.0,20.0,0.0,0.0,0.0,10.0,10.0,50.0,PrimBox,
55,55,0,254.0,138.0,20.0,0.0,0.0,0.0,10.0,10.0,50.0,PrimBox,
56,56,0,207.0,270.0,20.0,0.0,0.0,0.0,10.0,10.0,50.0,PrimBox,
57,57,0,969.0,141.0,20.0,0.0,0.0,0.0,10.0,10.0,50.0,PrimBox,
58,58,0,873.0,988.0,20.0,0.0,0.0,0.0,10.0,10.0,50.0,PrimBox,
59,59,0,115.0,229.0,20.0,0.0,0.0,0.0,10.0,10.0,50.0,PrimBox,
60,60,0,479.0,736.0,20.0,0.0,0.0,0.0,10.0,10.0,50.0,PrimBox,
61,61,0,584.0,232.0,20.0,0.0,0.0,0.0,10.0,10.0,50.0,PrimBox,
62,62,0,786.0,387.0,20.0,0.0,0.0,0.0,10.0,10.0,50.0,PrimBox,
63,63,0,943.0,788.0,20.0,0.0,0.0,0.0,10.0,10.0,50.0,PrimBox,
64,64,0,180.0,824.0,20.0,0.0,0.0,0.0,10.0,10.0,50.0,PrimBox,
65,65,0,834.0,482.0,20.0,0.0,0.0,0.0,10.0,10.0,50.0,PrimBox,
66,66,0,230.0,295.0,20.0,0.0,0.0,0.0,10.0,10.0,50.0,PrimBox,
67,67,0,121.0,323.0,20.0,0.0,0.0,0.0,10.0,10.0,50.0,PrimBox,
68,68,0,669.0,359.0,20.0,0.0,0.0,0.0,10.0,10.0,50.0,PrimBox,
69,69,0,721.0,863.0,20.0,0.0,0.0,0.0,10.0,10.0,50.0,PrimBox,
70,70,0,857.0,298.0,20.0,0.0,0.0,0.0,10.0,10.0,50.0,PrimBox,
71,71,0,318.0,928.0,20.0,0.0,0.0,0.0,10.0,10.0,50.0,PrimBox,
72,72,0,875.0,527.0,20.0,0.0,0.0,0.0,10.0,10.0,50.0,PrimBox,
73,73,0,761.0,299.0,20.0,0.0,0.0,0.0,10.0,10.0,50.0,PrimBox,
74,74,0,661.0,185.0,20.0,0.0,0.0,0.0,10.0,10.0,50.0,PrimBox,
75,75,0,489.0,148.0,20.0,0.0,0.0,0.0,10.0,10.0,50.0,PrimBox,
76,76,0,488.0,942.0,20.0,0.0,0.0,0.0,10.0,10.0,50.0,PrimBox,
77,77,0,633.0,232.0,20.0,0.0,0.0,0.0,10.0,10.0,50.0,PrimBox,
78,78,0,118.0,437.0,20.0,0.0,0.0,0.0,10.0,10.0,50.0,PrimBox,
79,79,0,6.0,299.0,20.0,0.0,0.0,0.0,10.0,10.0,50.0,PrimBox,
80,80,0,966.0,567.0,20.0,0.0,0.0,0.0,10.0,10.0,50.0,PrimBox,
81,81,0,215.0,471.0,20.0,0.0,0.0,0.0,10.0,10.0,50.0,PrimBox,
82,82,0,516.0,101.0,20.0,0.0,0.0,0.0,10.0,10.0,50.0,PrimBox,
83,83,0,87.0,331.0,20.0,0.0,0.0,0.0,10.0,10.0,50.0,PrimBox,
84,84,0,855.0,901.0,20.0,0.0,0.0,0.0,10.0,10.0,50.0,PrimBox,
85,85,0,555.0,681.0,20.0,0.0,0.0,0.0,10.0,10.0,50.0,PrimBox,
86,86,0,317.0,868.0,20.0,0.0,0.0,0.0,10.0,10.0,50.0,PrimBox,
87,87,0,192.0,99.0,20.0,0.0,0.0,0.0,10.0,10.0,50.0,PrimBox,
88,88,0,600.0,917.0,20.0,0.0,0.0,0.0,10.0,10.0,50.0,PrimBox,
89,89,0,564.0,626.0,20.0,0.0,0.0,0.0,10.0,10.0,50.0,PrimBox,
90,90,0,748.0,808.0,20.0,0.0,0.0,0.0,10.0,10.0,50.0,PrimBox,
91,91,0,668.0,53.0,20.0,0.0,0.0,0.0,10.0,10.0,50.0,PrimBox,
92,92,0,518.0,109.0,20.0,0.0,0.0,0.0,10.0,10.0,50.0,PrimBox,
93,93,0,821.0,757.0,20.0,0.0,0.0,0.0,10.0,10.0,50.0,PrimBox,
94,94,0,340.0,383.0,20.0,0.0,0.0,0.0,10.0,10.0,50.0,PrimBox,
95,95,0,645.0,91.0,20.0,0.0,0.0,0.0,10.0,10.0,50.0,PrimBox,
96,96,0,461.0,661.0,20.0,0.0,0.0,0.0,10.0,10.0,50.0,PrimBox,
97,97,0,542.0,845.0,20.0,0.0,0.0,0.0,10.0,10.0,50.0,PrimBox,
98,98,0,366.0,631.0,20.0,0.0,0.0,0.0,10.0,10.0,50.0,PrimBox,
99,99,0,897.0,563.0,20.0,0.0,0.0,0.0,10.0,10.0,50.0,PrimBox,
100,100,0,714.0,1020.0,20.0,0.0,0.0,0.0,10.0,10.0,50.0,PrimBox,
101,101,0,646.0,827.0,20.0,0.0,0.0,0.0,10.0,10.0,50.0,PrimBox,
102,102,0,387.0,260.0,20.0,0.0,0.0,0.0,10.0,10.0,50.0,PrimBox,
103,103,0,174.0,457.0,20.0,0.0,0.0,0.0,10.0,10.0,50.0,PrimBox,
104,104,0,881.0,61.0,20.0,0.0,0.0,0.0,10.0,10.0,50.0,PrimBox,
105,105,0,514.0,37.0,20.0,0.0,0.0,0.0,10.0,10.0,50.0,PrimBox,
106,106,0,234.0,719.0,20.0,0.0,0.0,0.0,10.0,10.0,50.0,PrimBox,
107,107,0,345.0,372.0,20.0,0.0,0.0,0.0,10.0,10.0,50.0,PrimBox,
108,108,0,904.0,531.0,20.0,0.0,0.0,0.0,10.0,10.0,50.0,PrimBox,
109,109,0,841.0,496.0,20.0,0.0,0.0,0.0,10.0,10.0,50.0,PrimBox,
110,110,0,413.0,920.0,20.0,0.0,0.0,0.0,10.0,10.0,50.0,PrimBox,
111,111,0,156.0,701.0,20.0,0.0,0.0,0.0,10.0,10.0,50.0,PrimBox,
112,112,0,469.0,764.0,20.0,0.0,0.0,0.0,10.0,10.0,50.0,PrimBox,
113,113,0,705.0,731.0,20.0,0.0,0.0,0.0,10.0,10.0,50.0,PrimBox,
114,114,0,386.0,387.0,20.0,0.0,0.0,0.0,10.0,10.0,50.0,PrimBox,
115,115,0,630.0,55.0,20.0,0.0,0.0,0.0,10.0,10.0,50.0,PrimBox,
116,116,0,424.0,719.0,20.0,0.0,0.0,0.0,10.0,10.0,50.0,PrimBox,
117,117,0,742.0,639.0,20.0,0.0,0.0,0.0,10.0,10.0,50.0,PrimBox,
118,118,0,532.0,190.0,20.0,0.0,0.0,0.0,10.0,10.0,50.0,PrimBox,
119,119,0,355.0,236.0,20.0,0.0,0.0,0.0,10.0,10.0,50.0,PrimBox,
120,120,0,924.0,580.0,20.0,0.0,0.0,0.0,10.0,10.0,50.0,PrimBox,
121,121,0,28.0,283.0,20.0,0.0,0.0,0.0,10.0,10.0,50.0,PrimBox,
122,122,0,574.0,475.0,20.0,0.0,0.0,0.0,10.0,10.0,50.0,PrimBox,
123,123,0,133.0,778.0,20.0,0.0,0.0,0.0,10.0,10.0,50.0,PrimBox,
124,124,0,443.0,67.0,20.0,0.0,0.0,0.0,10.0,10.0,50.0,PrimBox,
125,125,0,105.0,320.0,20.0,0.0,0.0,0.0,10.0,10.0,50.0,PrimBox,
126,126,0,814.0,847.0,20.0,0.0,0.0,0.0,10.0,10.0,50.0,PrimBox,
127,127,0,852.0,107.0,20.0,0.0,0.0,0.0,10.0,10.0,50.0,PrimBox,
128,128,0,103.0,736.0,20.0,0.0,0.0,0.0,10.0,10.0,50.0,PrimBox,
129,129,0,149.0,795.0,20.0,0.0,0.0,0.0,10.0,10.0,50.0,PrimBox,
130,130,0,466.0,873.0,20.0,0.0,0.0,0.0,10.0,10.0,50.0,PrimBox,
131,131,0,213.0,152.0,20.0,0.0,0.0,0.0,10.0,10.0,50.0,PrimBox,
132,132,0,561.0,498.0,20.0,0.0,0.0,0.0,10.0,10.0,50.0,PrimBox,
133,133,0,330.0,365.0,20.0,0.0,0.0,0.0,10.0,10.0,50.0,PrimBox,
134,134,0,991.0,310.0,20.0,0.0,0.0,0.0,10.0,10.0,50.0,PrimBox,
135,135,0,374.0,257.0,20.0,0.0,0.0,0.0,10.0,10.0,50.0,PrimBox,
136,136,0,492.0,534.0,20.0,0.0,0.0,0.0,10.0,10.0,50.0,PrimBox,
137,137,0,928.0,341.0,20.0,0.0,0.0,0.0,10.0,10.0,50.0,PrimBox,
138,138,0,11.0,937.0,20.0,0.0,0.0,0.0,10.0,10.0,50.0,PrimBox,
139,139,0,882.0,240.0,20.0,0.0,0.0,0.0,10.0,10.0,50.0,PrimBox,
140,140,0,840.0,20.0,20.0,0.0,0.0,0.0,10.0,10.0,50.0,PrimBox,
141,141,0,415.0,804.0,20.0,0.0,0.0,0.0,10.0,10.0,50.0,PrimBox,
142,142,0,588.0,884.0,20.0,0.0,0.0,0.0,10.0,10.0,50.0,PrimBox,
143,143,0,730.0,1012.0,20.0,0.0,0.0,0.0,10.0,10.0,50.0,PrimBox,
144,144,0,810.0,389.0,20.0,0.0,0.0,0.0,10.0,10.0,50.0,PrimBox,
145,145,0,75.0,834.0,20.0,0.0,0.0,0.0,10.0,10.0,50.0,PrimBox,
146,146,0,481.0,234.0,20.0,0.0,0.0,0.0,10.0,10.0,50.0,PrimBox,
147,147,0,822.0,600.0,20.0,0.0,0.0,0.0,10.0,10.0,50.0,PrimBox,
148,148,0,528.0,149.0,20.0,0.0,0.0,0.0,10.0,10.0,50.0,PrimBox,
149,149,0,422.0,868.0,20.0,0.0,0.0,0.0,10.0,10.0,50.0,PrimBox,
150,150,0,995.0,100.0,20.0,0.0,0.0,0.0,10.0,10.0,50.0,PrimBox,
151,151,0,467.0,85.0,20.0,0.0,0.0,0.0,10.0,10.0,50.0,PrimBox,
152,152,0,964.0,465.0,20.0,0.0,0.0,0.0,10.0,10.0,50.0,PrimBox,
153,153,0,573.0,288.0,20.0,0.0,0.0,0.0,10.0,10.0,50.0,PrimBox,
154,154,0,551.0,110.0,20.0,0.0,0.0,0.0,10.0,10.0,50.0,PrimBox,
155,155,0,174.0,412.0,20.0,0.0,0.0,0.0,10.0,10.0,50.0,PrimBox,
156,156,0,153.0,992.0,20.0,0.0,0.0,0.0,10.0,10.0,50.0,PrimBox,
157,157,0,704.0,19.0,20.0,0.0,0.0,0.0,10.0,10.0,50.0,PrimBox,
158,158,0,812.0,579.0,20.0,0.0,0.0,0.0,10.0,10.0,50.0,PrimBox,
159,159,0,791.0,988.0,20.0,0.0,0.0,0.0,10.0,10.0,50.0,PrimBox,
160,160,0,386.0,521.0,20.0,0.0,0.0,0.0,10.0,10.0,50.0,PrimBox,
161,161,0,801.0,694.0,20.0,0.0,0.0,0.0,10.0,10.0,50.0,PrimBox,
162,162,0,231.0,473.0,20.0,0.0,0.0,0.0,10.0,10.0,50.0,PrimBox,
163,163,0,499.0,1005.0,20.0,0.0,0.0,0.0,10.0,10.0,50.0,PrimBox,
164,164,0,322.0,876.0,20.0,0.0,0.0,0.0,10.0,10.0,50.0,PrimBox,
165,165,0,459.0,518.0,20.0,0.0,0.0,0.0,10.0,10.0,50.0,PrimBox,
166,166,0,297.0,0.0,20.0,0.0,0.0,0.0,10.0,10.0,50.0,PrimBox,
167,167,0,706.0,576.0,20.0,0.0,0.0,0.0,10.0,10.0,50.0,PrimBox,
168,168,0,499.0,469.0,20.0,0.0,0.0,0.0,10.0,10.0,50.0,PrimBox,
169,169,0,620.0,291.0,20.0,0.0,0.0,0.0,10.0,10.0,50.0,PrimBox,
170,170,0,861.0,480.0,20.0,0.0,0.0,0.0,10.0,10.0,50.0,PrimBox,
171,171,0,341.0,55.0,20.0,0.0,0.0,0.0,10.0,10.0,50.0,PrimBox,
172,172,0,820.0,8.0,20.0,0.0,0.0,0.0,10.0,10.0,50.0,PrimBox,
173,173,0,218.0,783.0,20.0,0.0,0.0,0.0,10.0,10.0,50.0,PrimBox,
174,174,0,110.0,587.0,20.0,0.0,0.0,0.0,10.0,10.0,50.0,PrimBox,
175,175,0,317.0,273.0,20.0,0.0,0.0,0.0,10.0,10.0,50.0,PrimBox,
176,176,0,564.0,108.0,20.0,0.0,0.0,0.0,10.0,10.0,50.0,PrimBox,
177,177,0,403.0,424.0,20.0,0.0,0.0,0.0,10.0,10.0,50.0,PrimBox,
178,178,0,660.0,571.0,20.0,0.0,0.0,0.0,10.0,10.0,50.0,PrimBox,
179,179,0,253.0,514.0,20.0,0.0,0.0,0.0,10.0,10.0,50.0,PrimBox,
180,180,0,498.0,502.0,20.0,0.0,0.0,0.0,10.0,10.0,50.0,PrimBox,
181,181,0,607.0,525.0,20.0,0.0,0.0,0.0,10.0,10.0,50.0,PrimBox,
182,182,0,970.0,746.0,20.0,0.0,0.0,0.0,10.0,10.0,50.0,PrimBox,
183,183,0,515.0,545.0,20.0,0.0,0.0,0.0,10.0,10.0,50.0,PrimBox,
184,184,0,731.0,582.0,20.0,0.0,0.0,0.0,10.0,10.0,50.0,PrimBox,
185,185,0,666.0,896.0,20.0,0.0,0.0,0.0,10.0,10.0,50.0,PrimBox,
186,186,0,687.0,222.0,20.0,0.0,0.0,0.0,10.0,10.0,50.0,PrimBox,
187,187,0,353.0,983.0,20.0,0.0,0.0,0.0,10.0,10.0,50.0,PrimBox,
188,188,0,544.0,190.0,20.0,0.0,0.0,0.0,10.0,10.0,50.0,PrimBox,
189,189,0,935.0,769.0,20.0,0.0,0.0,0.0,10.0,10.0,50.0,PrimBox,
190,190,0,674.0,86.0,20.0,0.0,0.0,0.0,10.0,10.0,50.0,PrimBox,
191,191,0,600.0,611.0,20.0,0.0,0.0,0.0,10.0,10.0,50.0,PrimBox,
192,192,0,517.0,921.0,20.0,0.0,0.0,0.0,10.0,10.0,50.0,PrimBox,
193,193,0,781.0,688.0,20.0,0.0,0.0,0.0,10.0,10.0,50.0,PrimBox,
194,194,0,204.0,117.0,20.0,0.0,0.0,0.0,10.0,10.0,50.0,PrimBox,
195,195,0,172.0,808.0,20.0,0.0,0.0,0.0,10.0,10.0,50.0,PrimBox,
196,196,0,349.0,203.0,20.0,0.0,0.0,0.0,10.0,10.0,50.0,PrimBox,
197,197,0,202.0,294.0,20.0,0.0,0.0,0.0,10.0,10.0,50.0,PrimBox,
198,198,0,235.0,915.0,20.0,0.0,0.0,0.0,10.0,10.0,50.0,PrimBox,
199,199,0,469.0,857.0,20.0,0.0,0.0,0.0,10.0,10.0,50.0,PrimBox,
200,200,0,396.0,408.0,20.0,0.0,0.0,0.0,10.0,10.0,50.0,PrimBox,
201,201,0,347.0,488.0,20.0,0.0,0.0,0.0,10.0,10.0,50.0,PrimBox,
202,202,0,405.0,29.0,20.0,0.0,0.0,0.0,10.0,10.0,50.0,PrimBox,
203,203,0,253.0,954.0,20.0,0.0,0.0,0.0,10.0,10.0,50.0,PrimBox,
204,204,0,840.0,205.0,20.0,0.0,0.0,0.0,10.0,10.0,50.0,PrimBox,
205,205,0,1017.0,273.0,20.0,0.0,0.0,0.0,10.0,10.0,50.0,PrimBox,
206,206,0,198.0,598.0,20.0,0.0,0.0,0.0,10.0,10.0,50.0,PrimBox,
207,207,0,738.0,256.0,20.0,0.0,0.0,0.0,10.0,10.0,50.0,PrimBox,
208,208,0,858.0,114.0,20.0,0.0,0.0,0.0,10.0,10.0,50.0,PrimBox,
209,209,0,665.0,353.0,20.0,0.0,0.0,0.0,10.0,10.0,50.0,PrimBox,
210,210,0,620.0,114.0,20.0,0.0,0.0,0.0,10.0,10.0,50.0,PrimBox,
211,211,0,913.0,149.0,20.0,0.0,0.0,0.0,10.0,10.0,50.0,PrimBox,
212,212,0,431.0,223.0,20.0,0.0,0.0,0.0,10.0,10.0,50.0,PrimBox,
213,213,0,554.0,205.0,20.0,0.0,0.0,0.0,10.0,10.0,50.0,PrimBox,
214,214,0,963.0,870.0,20.0,0.0,0.0,0.0,10.0,10.0,50.0,PrimBox,
215,215,0,269.0,578.0,20.0,0.0,0.0,0.0,10.0,10.0,50.0,PrimBox,
216,216,0,490.0,27.0,20.0,0.0,0.0,0.0,10.0,10.0,50.0,PrimBox,
217,217,0,670.0,186.0,20.0,0.0,0.0,0.0,10.0,10.0,50.0,PrimBox,
218,218,0,832.0,973.0,20.0,0.0,0.0,0.0,10.0,10.0,50.0,PrimBox,
219,219,0,723.0,123.0,20.0,0.0,0.0,0.0,10.0,10.0,50.0,PrimBox,
220,220,0,469.0,359.0,20.0,0.0,0.0,0.0,10.0,10.0,50.0,PrimBox,
221,221,0,819.0,2.0,20.0,0.0,0.0,0.0,10.0,10.0,50.0,PrimBox,
222,222,0,457.0,842.0,20.0,0.0,0.0,0.0,10.0,10.0,50.0,PrimBox,
223,223,0,847.0,491.0,20.0,0.0,0.0,0.0,10.0,10.0,50.0,PrimBox,
224,224,0,734.0,469.0,20.0,0.0,0.0,0.0,10.0,10.0,50.0,PrimBox,
225,225,0,147.0,487.0,20.0,0.0,0.0,0.0,10.0,10.0,50.0,PrimBox,
226,226,0,776.0,977.0,20.0,0.0,0.0,0.0,10.0,10.0,50.0,PrimBox,
227,227,0,326.0,988.0,20.0,0.0,0.0,0.0,10.0,10.0,50.0,PrimBox,
228,228,0,233.0,975.0,20.0,0.0,0.0,0.0,10.0,10.0,50.0,PrimBox,
229,229,0,833.0,543.0,20.0,0.0,0.0,0.0,10.0,10.0,50.0,PrimBox,
230,230,0,923.0,817.0,20.0,0.0,0.0,0.0,10.0,10.0,50.0,PrimBox,
231,231,0,39.0,550.0,20.0,0.0,0.0,0.0,10.0,10.0,50.0,PrimBox,
232,232,0,458.0,126.0,20.0,0.0,0.0,0.0,10.0,10.0,50.0,PrimBox,
233,233,0,474.0,788.0,20.0,0.0,0.0,0.0,10.0,10.0,50.0,PrimBox,
234,234,0,218.0,577.0,20.0,0.0,0.0,0.0,10.0,10.0,50.0,PrimBox,
235,235,0,863.0,593.0,20.0,0.0,0.0,0.0,10.0,10.0,50.0,PrimBox,
236,236,0,406.0,744.0,20.0,0.0,0.0,0.0,10.0,10.0,50.0,PrimBox,
237,237,0,948.0,132.0,20.0,0.0,0.0,0.0,10.0,10.0,50.0,PrimBox,
238,238,0,779.0,40.0,20.0,0.0,0.0,0.0,10.0,10.0,50.0,PrimBox,
239,239,0,420.0,118.0,20.0,0.0,0.0,0.0,10.0,10.0,50.0,PrimBox,
240,240,0,282.0,422.0,20.0,0.0,0.0,0.0,10.0,10.0,50.0,PrimBox,
241,241,0,347.0,412.0,20.0,0.0,0.0,0.0,10.0,10.0,50.0,PrimBox,
242,242,0,944.0,777.0,20.0,0.0,0.0,0.0,10.0,10.0,50.0,PrimBox,
243,243,0,573.0,417.0,20.0,0.0,0.0,0.0,10.0,10.0,50.0,PrimBox,
244,244,0,192.0,297.0,20.0,0.0,0.0,0.0,10.0,10.0,50.0,PrimBox,
245,245,0,358.0,696.0,20.0,0.0,0.0,0.0,10.0,10.0,50.0,PrimBox,
246,246,0,714.0,141.0,20.0,0.0,0.0,0.0,10.0,10.0,50.0,PrimBox,
247,247,0,850.0,60.0,20.0,0.0,0.0,0.0,10.0,10.0,50.0,PrimBox,
248,248,0,793.0,350.0,20.0,0.0,0.0,0.0,10.0,10.0,50.0,PrimBox,
249,249,0,319.0,1011.0,20.0,0.0,0.0,0.0,10.0,10.0,50.0,PrimBox,
250,250,0,711.0,414.0,20.0,0.0,0.0,0.0,10.0,10.0,50.0,PrimBox,
251,251,0,322.0,64.0,20.0,0.0,0.0,0.0,10.0,10.0,50.0,PrimBox,
252,252,0,862.0,672.0,20.0,0.0,0.0,0.0,10.0,10.0,50.0,PrimBox,
253,253,0,586.0,662.0,20.0,0.0,0.0,0.0,10.0,10.0,50.0,PrimBox,
254,254,0,991.0,456.0,20.0,0.0,0.0,0.0,10.0,10.0,50.0,PrimBox,
255,255,0,3.0,442.0,20.0,0.0,0.0,0.0,10.0,10.0,50.0,PrimBox,
256,256,0,289.0,730.0,20.0,0.0,0.0,0.0,10.0,10.0,50.0,PrimBox,
257,257,0,257.0,164.0,20.0,0.0,0.0,0.0,10.0,10.0,50.0,PrimBox,
258,258,0,172.0,915.0,20.0,0.0,0.0,0.0,10.0,10.0,50.0,PrimBox,
259,259,0,150.0,345.0,20.0,0.0,0.0,0.0,10.0,10.0,50.0,PrimBox,
260,260,0,892.0,181.0,20.0,0.0,0.0,0.0,10.0,10.0,50.0,PrimBox,
261,261,0,122.0,653.0,20.0,0.0,0.0,0.0,10.0,10.0,50.0,PrimBox,
262,262,0,702.0,73.0,20.0,0.0,0.0,0.0,10.0,10.0,50.0,PrimBox,
263,263,0,391.0,926.0,20.0,0.0,0.0,0.0,10.0,10.0,50.0,PrimBox,
264,264,0,756.0,969.0,20.0,0.0,0.0,0.0,10.0,10.0,50.0,PrimBox,
265,265,0,492.0,71.0,20.0,0.0,0.0,0.0,10.0,10.0,50.0,PrimBox,
266,266,0,741.0,638.0,20.0,0.0,0.0,0.0,10.0,10.0,50.0,PrimBox,
267,267,0,653.0,89.0,20.0,0.0,0.0,0.0,10.0,10.0,50.0,PrimBox,
268,268,0,611.0,417.0,20.0,0.0,0.0,0.0,10.0,10.0,50.0,PrimBox,
269,269,0,163.0,984.0,20.0,0.0,0.0,0.0,10.0,10.0,50.0,PrimBox,
270,270,0,522.0,970.0,20.0,0.0,0.0,0.0,10.0,10.0,50.0,PrimBox,
271,271,0,62.0,272.0,20.0,0.0,0.0,0.0,10.0,10.0,50.0,PrimBox,
272,272,0,41.0,125.0,20.0,0.0,0.0,0.0,10.0,10.0,50.0,PrimBox,
273,273,0,1018.0,132.0,20.0,0.0,0.0,0.0,10.0,10.0,50.0,PrimBox,
274,274,0,66.0,789.0,20.0,0.0,0.0,0.0,10.0,10.0,50.0,PrimBox,
275,275,0,492.0,511.0,20.0,0.0,0.0,0.0,10.0,10.0,50.0,PrimBox,
276,276,0,477.0,445.0,20.0,0.0,0.0,0.0,10.0,10.0,50.0,PrimBox,
277,277,0,469.0,705.0,20.0,0.0,0.0,0.0,10.0,10.0,50.0,PrimBox,
278,278,0,246.0,467.0,20.0,0.0,0.0,0.0,10.0,10.0,50.0,PrimBox,
279,279,0,151.0,580.0,20.0,0.0,0.0,0.0,10.0,10.0,50.0,PrimBox,
280,280,0,465.0,717.0,20.0,0.0,0.0,0.0,10.0,10.0,50.0,PrimBox,
281,281,0,281.0,528.0,20.0,0.0,0.0,0.0,10.0,10.0,50.0,PrimBox,
282,282,0,976.0,924.0,20.0,0.0,0.0,0.0,10.0,10.0,50.0,PrimBox,
283,283,0,792.0,240.0,20.0,0.0,0.0,0.0,10.0,10.0,50.0,PrimBox,
284,284,0,677.0,130.0,20.0,0.0,0.0,0.0,10.0,10.0,50.0,PrimBox,
285,285,0,188.0,742.0,20.0,0.0,0.0,0.0,10.0,10.0,50.0,PrimBox,
286,286,0,839.0,130.0,20.0,0.0,0.0,0.0,10.0,10.0,50.0,PrimBox,
287,287,0,105.0,397.0,20.0,0.0,0.0,0.0,10.0,10.0,50.0,PrimBox,
288,288,0,558.0,448.0,20.0,0.0,0.0,0.0,10.0,10.0,50.0,PrimBox,
289,289,0,209.0,956.0,20.0,0.0,0.0,0.0,10.0,10.0,50.0,PrimBox,
290,290,0,627.0,905.0,20.0,0.0,0.0,0.0,10.0,10.0,50.0,PrimBox,
291,291,0,550.0,973.0,20.0,0.0,0.0,0.0,10.0,10.0,50.0,PrimBox,
292,292,0,503.0,856.0,20.0,0.0,0.0,0.0,10.0,10.0,50.0,PrimBox,
293,293,0,55.0,384.0,20.0,0.0,0.0,0.0,10.0,10.0,50.0,PrimBox,
294,294,0,262.0,926.0,20.0,0.0,0.0,0.0,10.0,10.0,50.0,PrimBox,
295,295,0,572.0,763.0,20.0,0.0,0.0,0.0,10.0,10.0,50.0,PrimBox,
296,296,0,156.0,1020.0,20.0,0.0,0.0,0.0,10.0,10.0,50.0,PrimBox,
297,297,0,591.0,117.0,20.0,0.0,0.0,0.0,10.0,10.0,50.0,PrimBox,
298,298,0,288.0,635.0,20.0,0.0,0.0,0.0,10.0,10.0,50.0,PrimBox,
299,299,0,976.0,724.0,20.0,0.0,0.0,0.0,10.0,10.0,50.0,PrimBox,
300,300,0,72.0,42.0,20.0,0.0,0.0,0.0,10.0,10.0,50.0,PrimBox,
301,301,0,342.0,946.0,20.0,0.0,0.0,0.0,10.0,10.0,50.0,PrimBox,
302,302,0,966.0,479.0,20.0,0.0,0.0,0.0,10.0,10.0,50.0,PrimBox,
303,303,0,105.0,118.0,20.0,0.0,0.0,0.0,10.0,10.0,50.0,PrimBox,
304,304,0,916.0,762.0,20.0,0.0,0.0,0.0,10.0,10.0,50.0,PrimBox,
305,305,0,726.0,607.0,20.0,0.0,0.0,0.0,10.0,10.0,50.0,PrimBox,
306,306,0,447.0,104.0,20.0,0.0,0.0,0.0,10.0,10.0,50.0,PrimBox,
307,307,0,844.0,760.0,20.0,0.0,0.0,0.0,10.0,10.0,50.0,PrimBox,
308,308,0,792.0,434.0,20.0,0.0,0.0,0.0,10.0,10.0,50.0,PrimBox,
309,309,0,189.0,729.0,20.0,0.0,0.0,0.0,10.0,10.0,50.0,PrimBox,
310,310,0,923.0,141.0,20.0,0.0,0.0,0.0,10.0,10.0,50.0,PrimBox,
311,311,0,554.0,96.0,20.0,0.0,0.0,0.0,10.0,10.0,50.0,PrimBox,
312,312,0,730.0,249.0,20.0,0.0,0.0,0.0,10.0,10.0,50.0,PrimBox,
313,313,0,659.0,220.0,20.0,0.0,0.0,0.0,10.0,10.0,50.0,PrimBox,
314,314,0,172.0,275.0,20.0,0.0,0.0,0.0,10.0,10.0,50.0,PrimBox,
315,315,0,778.0,139.0,20.0,0.0,0.0,0.0,10.0,10.0,50.0,PrimBox,
316,316,0,1017.0,923.0,20.0,0.0,0.0,0.0,10.0,10.0,50.0,PrimBox,
317,317,0,869.0,222.0,20.0,0.0,0.0,0.0,10.0,10.0,50.0,PrimBox,
318,318,0,429.0,852.0,20.0,0.0,0.0,0.0,10.0,10.0,50.0,PrimBox,
319,319,0,133.0,188.0,20.0,0.0,0.0,0.0,10.0,10.0,50.0,PrimBox,
320,320,0,969.0,954.0,20.0,0.0,0.0,0.0,10.0,10.0,50.0,PrimBox,
321,321,0,465.0,941.0,20.0,0.0,0.0,0.0,10.0,10.0,50.0,PrimBox,
322,322,0,226.0,207.0,20.0,0.0,0.0,0.0,10.0,10.0,50.0,PrimBox,
323,323,0,595.0,868.0,20.0,0.0,0.0,0.0,10.0,10.0,50.0,PrimBox,
324,324,0,678.0,84.0,20.0,0.0,0.0,0.0,10.0,10.0,50.0,PrimBox,
325,325,0,204.0,660.0,20.0,0.0,0.0,0.0,10.0,10.0,50.0,PrimBox,
326,326,0,628.0,607.0,20.0,0.0,0.0,0.0,10.0,10.0,50.0,PrimBox,
327,327,0,290.0,215.0,20.0,0.0,0.0,0.0,10.0,10.0,50.0,PrimBox,
328,328,0,455.0,509.0,20.0,0.0,0.0,0.0,10.0,10.0,50.0,PrimBox,
329,329,0,154.0,262.0,20.0,0.0,0.0,0.0,10.0,10.0,50.0,PrimBox,
330,330,0,199.0,117.0,20.0,0.0,0.0,0.0,10.0,10.0,50.0,PrimBox,
331,331,0,464.0,648.0,20.0,0.0,0.0,0.0,10.0,10.0,50.0,PrimBox,
332,332,0,79.0,696.0,20.0,0.0,0.0,0.0,10.0,10.0,50.0,PrimBox,
333,333,0,127.0,529.0,20.0,0.0,0.0,0.0,10.0,10.0,50.0,PrimBox,
334,334,0,408.0,193.0,20.0,0.0,0.0,0.0,10.0,10.0,50.0,PrimBox,
335,335,0,251.0,885.0,20.0,0.0,0.0,0.0,10.0,10.0,50.0,PrimBox,
336,336,0,224.0,456.0,20.0,0.0,0.0,0.0,10.0,10.0,50.0,PrimBox,
337,337,0,689.0,173.0,20.0,0.0,0.0,0.0,10.0,10.0,50.0,PrimBox,
338,338,0,411.0,686.0,20.0,0.0,0.0,0.0,10.0,10.0,50.0,PrimBox,
339,339,0,240.0,353.0,20.0,0.0,0.0,0.0,10.0,10.0,50.0,PrimBox,
340,340,0,511.0,365.0,20.0,0.0,0.0,0.0,10.0,10.0,50.0,PrimBox,
341,341,0,266.0,783.0,20.0,0.0,0.0,0.0,10.0,10.0,50.0,PrimBox,
342,342,0,364.0,274.0,20.0,0.0,0.0,0.0,10.0,10.0,50.0,PrimBox,
343,343,0,255.0,902.0,20.0,0.0,0.0,0.0,10.0,10.0,50.0,PrimBox,
344,344,0,123.0,357.0,20.0,0.0,0.0,0.0,10.0,10.0,50.0,PrimBox,
345,345,0,506.0,547.0,20.0,0.0,0.0,0.0,10.0,10.0,50.0,PrimBox,
346,346,0,905.0,118.0,20.0,0.0,0.0,0.0,10.0,10.0,50.0,PrimBox,
347,347,0,566.0,103.0,20.0,0.0,0.0,0.0,10.0,10.0,50.0,PrimBox,
348,348,0,43.0,528.0,20.0,0.0,0.0,0.0,10.0,10.0,50.0,PrimBox,
349,349,0,592.0,852.0,20.0,0.0,0.0,0.0,10.0,10.0,50.0,PrimBox,
350,350,0,29.0,605.0,20.0,0.0,0.0,0.0,10.0,10.0,50.0,PrimBox,
351,351,0,650.0,342.0,20.0,0.0,0.0,0.0,10.0,10.0,50.0,PrimBox,
352,352,0,61.0,307.0,20.0,0.0,0.0,0.0,10.0,10.0,50.0,PrimBox,
353,353,0,319.0,963.0,20.0,0.0,0.0,0.0,10.0,10.0,50.0,PrimBox,
354,354,0,102.0,747.0,20.0,0.0,0.0,0.0,10.0,10.0,50.0,PrimBox,
355,355,0,106.0,867.0,20.0,0.0,0.0,0.0,10.0,10.0,50.0,PrimBox,
356,356,0,352.0,543.0,20.0,0.0,0.0,0.0,10.0,10.0,50.0,PrimBox,
357,357,0,324.0,277.0,20.0,0.0,0.0,0.0,10.0,10.0,50.0,PrimBox,
358,358,0,117.0,847.0,20.0,0.0,0.0,0.0,10.0,10.0,50.0,PrimBox,
359,359,0,460.0,589.0,20.0,0.0,0.0,0.0,10.0,10.0,50.0,PrimBox,
360,360,0,265.0,52.0,20.0,0.0,0.0,0.0,10.0,10.0,50.0,PrimBox,
361,361,0,347.0,242.0,20.0,0.0,0.0,0.0,10.0,10.0,50.0,PrimBox,
362,362,0,776.0,90.0,20.0,0.0,0.0,0.0,10.0,10.0,50.0,PrimBox,
363,363,0,683.0,803.0,20.0,0.0,0.0,0.0,10.0,10.0,50.0,PrimBox,
364,364,0,537.0,935.0,20.0,0.0,0.0,0.0,10.0,10.0,50.0,PrimBox,
365,365,0,776.0,361.0,20.0,0.0,0.0,0.0,10.0,10.0,50.0,PrimBox,
366,366,0,76.0,417.0,20.0,0.0,0.0,0.0,10.0,10.0,50.0,PrimBox,
367,367,0,10.0,297.0,20.0,0.0,0.0,0.0,10.0,10.0,50.0,PrimBox,
368,368,0,42.0,347.0,20.0,0.0,0.0,0.0,10.0,10.0,50.0,PrimBox,
369,369,0,716.0,332.0,20.0,0.0,0.0,0.0,10.0,10.0,50.0,PrimBox,
370,370,0,325.0,657.0,20.0,0.0,0.0,0.0,10.0,10.0,50.0,PrimBox,
371,371,0,362.0,188.0,20.0,0.0,0.0,0.0,10.0,10.0,50.0,PrimBox,
372,372,0,956.0,961.0,20.0,0.0,0.0,0.0,10.0,10.0,50.0,PrimBox,
373,373,0,363.0,181.0,20.0,0.0,0.0,0.0,10.0,10.0,50.0,PrimBox,
374,374,0,666.0,981.0,20.0,0.0,0.0,0.0,10.0,10.0,50.0,PrimBox,
375,375,0,976.0,191.0,20.0,0.0,0.0,0.0,10.0,10.0,50.0,PrimBox,
376,376,0,669.0,932.0,20.0,0.0,0.0,0.0,10.0,10.0,50.0,PrimBox,
377,377,0,422.0,725.0,20.0,0.0,0.0,0.0,10.0,10.0,50.0,PrimBox,
378,378,0,667.0,121.0,20.0,0.0,0.0,0.0,10.0,10.0,50.0,PrimBox,
379,379,0,583.0,79.0,20.0,0.0,0.0,0.0,10.0,10.0,50.0,PrimBox,
380,380,0,177.0,190.0,20.0,0.0,0.0,0.0,10.0,10.0,50.0,PrimBox,
381,381,0,721.0,805.0,20.0,0.0,0.0,0.0,10.0,10.0,50.0,PrimBox,
382,382,0,814.0,810.0,20.0,0.0,0.0,0.0,10.0,10.0,50.0,PrimBox,
383,383,0,248.0,838.0,20.0,0.0,0.0,0.0,10.0,10.0,50.0,PrimBox,
384,384,0,639.0,755.0,20.0,0.0,0.0,0.0,10.0,10.0,50.0,PrimBox,
385,385,0,487.0,307.0,20.0,0.0,0.0,0.0,10.0,10.0,50.0,PrimBox,
386,386,0,376.0,242.0,20.0,0.0,0.0,0.0,10.0,10.0,50.0,PrimBox,
387,387,0,205.0,337.0,20.0,0.0,0.0,0.0,10.0,10.0,50.0,PrimBox,
388,388,0,936.0,558.0,20.0,0.0,0.0,0.0,10.0,10.0,50.0,PrimBox,
389,389,0,893.0,799.0,20.0,0.0,0.0,0.0,10.0,10.0,50.0,PrimBox,
390,390,0,515.0,990.0,20.0,0.0,0.0,0.0,10.0,10.0,50.0,PrimBox,
391,391,0,675.0,27.0,20.0,0.0,0.0,0.0,10.0,10.0,50.0,PrimBox,
392,392,0,163.0,938.0,20.0,0.0,0.0,0.0,10.0,10.0,50.0,PrimBox,
393,393,0,568.0,1001.0,20.0,0.0,0.0,0.0,10.0,10.0,50.0,PrimBox,
394,394,0,288.0,237.0,20.0,0.0,0.0,0.0,10.0,10.0,50.0,PrimBox,
395,395,0,541.0,595.0,20.0,0.0,0.0,0.0,10.0,10.0,50.0,PrimBox,
396,396,0,1017.0,155.0,20.0,0.0,0.0,0.0,10.0,10.0,50.0,PrimBox,
397,397,0,571.0,967.0,20.0,0.0,0.0,0.0,10.0,10.0,50.0,PrimBox,
398,398,0,71.0,426.0,20.0,0.0,0.0,0.0,10.0,10.0,50.0,PrimBox,
399,399,0,267.0,530.0,20.0,0.0,0.0,0.0,10.0,10.0,50.0,PrimBox,
400,400,0,67.0,786.0,20.0,0.0,0.0,0.0,10.0,10.0,50.0,PrimBox,
401,401,0,777.0,401.0,20.0,0.0,0.0,0.0,10.0,10.0,50.0,PrimBox,
402,402,0,581.0,726.0,20.0,0.0,0.0,0.0,10.0,10.0,50.0,PrimBox,
403,403,0,370.0,600.0,20.0,0.0,0.0,0.0,10.0,10.0,50.0,PrimBox,
404,404,0,307.0,781.0,20.0,0.0,0.0,0.0,10.0,10.0,50.0,PrimBox,
405,405,0,631.0,377.0,20.0,0.0,0.0,0.0,10.0,10.0,50.0,PrimBox,
406,406,0,243.0,652.0,20.0,0.0,0.0,0.0,10.0,10.0,50.0,PrimBox,
407,407,0,318.0,69.0,20.0,0.0,0.0,0.0,10.0,10.0,50.0,PrimBox,
408,408,0,740.0,639.0,20.0,0.0,0.0,0.0,10.0,10.0,50.0,PrimBox,
409,409,0,21.0,548.0,20.0,0.0,0.0,0.0,10.0,10.0,50.0,PrimBox,
410,410,0,53.0,310.0,20.0,0.0,0.0,0.0,10.0,10.0,50.0,PrimBox,
411,411,0,911.0,418.0,20.0,0.0,0.0,0.0,10.0,10.0,50.0,PrimBox,
412,412,0,964.0,85.0,20.0,0.0,0.0,0.0,10.0,10.0,50.0,PrimBox,
413,413,0,430.0,595.0,20.0,0.0,0.0,0.0,10.0,10.0,50.0,PrimBox,
414,414,0,792.0,460.0,20.0,0.0,0.0,0.0,10.0,10.0,50.0,PrimBox,
415,415,0,191.0,878.0,20.0,0.0,0.0,0.0,10.0,10.0,50.0,PrimBox,
416,416,0,587.0,825.0,20.0,0.0,0.0,0.0,10.0,10.0,50.0,PrimBox,
417,417,0,585.0,574.0,20.0,0.0,0.0,0.0,10.0,10.0,50.0,PrimBox,
418,418,0,183.0,674.0,20.0,0.0,0.0,0.0,10.0,10.0,50.0,PrimBox,
419,419,0,783.0,14.0,20.0,0.0,0.0,0.0,10.0,10.0,50.0,PrimBox,
420,420,0,205.0,534.0,20.0,0.0,0.0,0.0,10.0,10.0,50.0,PrimBox,
421,421,0,585.0,187.0,20.0,0.0,0.0,0.0,10.0,10.0,50.0,PrimBox,
422,422,0,968.0,334.0,20.0,0.0,0.0,0.0,10.0,10.0,50.0,PrimBox,
423,423,0,777.0,446.0,20.0,0.0,0.0,0.0,10.0,10.0,50.0,PrimBox,
424,424,0,680.0,299.0,20.0,0.0,0.0,0.0,10.0,10.0,50.0,PrimBox,
425,425,0,19.0,361.0,20.0,0.0,0.0,0.0,10.0,10.0,50.0,PrimBox,
426,426,0,129.0,231.0,20.0,0.0,0.0,0.0,10.0,10.0,50.0,PrimBox,
427,427,0,923.0,752.0,20.0,0.0,0.0,0.0,10.0,10.0,50.0,PrimBox,
428,428,0,789.0,922.0,20.0,0.0,0.0,0.0,10.0,10.0,50.0,PrimBox,
429,429,0,476.0,492.0,20.0,0.0,0.0,0.0,10.0,10.0,50.0,PrimBox,
430,430,0,416.0,798.0,20.0,0.0,0.0,0.0,10.0,10.0,50.0,PrimBox,
431,431,0,751.0,826.0,20.0,0.0,0.0,0.0,10.0,10.0,50.0,PrimBox,
432,432,0,729.0,601.0,20.0,0.0,0.0,0.0,10.0,10.0,50.0,PrimBox,
433,433,0,524.0,367.0,20.0,0.0,0.0,0.0,10.0,10.0,50.0,PrimBox,
434,434,0,605.0,384.0,20.0,0.0,0.0,0.0,10.0,10.0,50.0,PrimBox,
435,435,0,512.0,114.0,20.0,0.0,0.0,0.0,10.0,10.0,50.0,PrimBox,
436,436,0,804.0,609.0,20.0,0.0,0.0,0.0,10.0,10.0,50.0,PrimBox,
437,437,0,197.0,648.0,20.0,0.0,0.0,0.0,10.0,10.0,50.0,PrimBox,
438,438,0,0.0,332.0,20.0,0.0,0.0,0.0,10.0,10.0,50.0,PrimBox,
439,439,0,496.0,160.0,20.0,0.0,0.0,0.0,10.0,10.0,50.0,PrimBox,
440,440,0,215.0,270.0,20.0,0.0,0.0,0.0,10.0,10.0,50.0,PrimBox,
441,441,0,528.0,166.0,20.0,0.0,0.0,0.0,10.0,10.0,50.0,PrimBox,
442,442,0,749.0,331.0,20.0,0.0,0.0,0.0,10.0,10.0,50.0,PrimBox,
443,443,0,814.0,628.0,20.0,0.0,0.0,0.0,10.0,10.0,50.0,PrimBox,
444,444,0,127.0,636.0,20.0,0.0,0.0,0.0,10.0,10.0,50.0,PrimBox,
445,445,0,307.0,810.0,20.0,0.0,0.0,0.0,10.0,10.0,50.0,PrimBox,
446,446,0,988.0,509.0,20.0,0.0,0.0,0.0,10.0,10.0,50.0,PrimBox,
447,447,0,862.0,713.0,20.0,0.0,0.0,0.0,10.0,10.0,50.0,PrimBox,
448,448,0,67.0,735.0,20.0,0.0,0.0,0.0,10.0,10.0,50.0,PrimBox,
449,449,0,692.0,334.0,20.0,0.0,0.0,0.0,10.0,10.0,50.0,PrimBox,
450,450,0,783.0,392.0,20.0,0.0,0.0,0.0,10.0,10.0,50.0,PrimBox,
451,451,0,23.0,762.0,20.0,0.0,0.0,0.0,10.0,10.0,50.0,PrimBox,
452,452,0,521.0,169.0,20.0,0.0,0.0,0.0,10.0,10.0,50.0,PrimBox,
453,453,0,912.0,771.0,20.0,0.0,0.0,0.0,10.0,10.0,50.0,PrimBox,
454,454,0,57.0,463.0,20.0,0.0,0.0,0.0,10.0,10.0,50.0,PrimBox,
455,455,0,371.0,148.0,20.0,0.0,0.0,0.0,10.0,10.0,50.0,PrimBox,
456,456,0,283.0,614.0,20.0,0.0,0.0,0.0,10.0,10.0,50.0,PrimBox,
457,457,0,290.0,999.0,20.0,0.0,0.0,0.0,10.0,10.0,50.0,PrimBox,
458,458,0,748.0,19.0,20.0,0.0,0.0,0.0,10.0,10.0,50.0,PrimBox,
459,459,0,117.0,21.0,20.0,0.0,0.0,0.0,10.0,10.0,50.0,PrimBox,
460,460,0,903.0,52.0,20.0,0.0,0.0,0.0,10.0,10.0,50.0,PrimBox,
461,461,0,588.0,628.0,20.0,0.0,0.0,0.0,10.0,10.0,50.0,PrimBox,
462,462,0,72.0,632.0,20.0,0.0,0.0,0.0,10.0,10.0,50.0,PrimBox,
463,463,0,586.0,344.0,20.0,0.0,0.0,0.0,10.0,10.0,50.0,PrimBox,
464,464,0,142.0,448.0,20.0,0.0,0.0,0.0,10.0,10.0,50.0,PrimBox,
465,465,0,855.0,658.0,20.0,0.0,0.0,0.0,10.0,10.0,50.0,PrimBox,
466,466,0,937.0,235.0,20.0,0.0,0.0,0.0,10.0,10.0,50.0,PrimBox,
467,467,0,623.0,338.0,20.0,0.0,0.0,0.0,10.0,10.0,50.0,PrimBox,
468,468,0,589.0,666.0,20.0,0.0,0.0,0.0,10.0,10.0,50.0,PrimBox,
469,469,0,787.0,942.0,20.0,0.0,0.0,0.0,10.0,10.0,50.0,PrimBox,
470,470,0,301.0,939.0,20.0,0.0,0.0,0.0,10.0,10.0,50.0,PrimBox,
471,471,0,693.0,461.0,20.0,0.0,0.0,0.0,10.0,10.0,50.0,PrimBox,
472,472,0,509.0,987.0,20.0,0.0,0.0,0.0,10.0,10.0,50.0,PrimBox,
473,473,0,199.0,884.0,20.0,0.0,0.0,0.0,10.0,10.0,50.0,PrimBox,
474,474,0,441.0,761.0,20.0,0.0,0.0,0.0,10.0,10.0,50.0,PrimBox,
475,475,0,300.0,175.0,20.0,0.0,0.0,0.0,10.0,10.0,50.0,PrimBox,
476,476,0,772.0,753.0,20.0,0.0,0.0,0.0,10.0,10.0,50.0,PrimBox,
477,477,0,862.0,858.0,20.0,0.0,0.0,0.0,10.0,10.0,50.0,PrimBox,
478,478,0,352.0,64.0,20.0,0.0,0.0,0.0,10.0,10.0,50.0,PrimBox,
479,479,0,256.0,395.0,20.0,0.0,0.0,0.0,10.0,10.0,50.0,PrimBox,
480,480,0,531.0,635.0,20.0,0.0,0.0,0.0,10.0,10.0,50.0,PrimBox,
481,481,0,872.0,26.0,20.0,0.0,0.0,0.0,10.0,10.0,50.0,PrimBox,
482,482,0,468.0,539.0,20.0,0.0,0.0,0.0,10.0,10.0,50.0,PrimBox,
483,483,0,61.0,273.0,20.0,0.0,0.0,0.0,10.0,10.0,50.0,PrimBox,
484,484,0,675.0,791.0,20.0,0.0,0.0,0.0,10.0,10.0,50.0,PrimBox,
485,485,0,622.0,831.0,20.0,0.0,0.0,0.0,10.0,10.0,50.0,PrimBox,
486,486,0,953.0,420.0,20.0,0.0,0.0,0.0,10.0,10.0,50.0,PrimBox,
487,487,0,400.0,766.0,20.0,0.0,0.0,0.0,10.0,10.0,50.0,PrimBox,
488,488,0,524.0,777.0,20.0,0.0,0.0,0.0,10.0,10.0,50.0,PrimBox,
489,489,0,791.0,1000.0,20.0,0.0,0.0,0.0,10.0,10.0,50.0,PrimBox,
490,490,0,662.0,112.0,20.0,0.0,0.0,0.0,10.0,10.0,50.0,PrimBox,
491,491,0,500.0,66.0,20.0,0.0,0.0,0.0,10.0,10.0,50.0,PrimBox,
492,492,0,126.0,158.0,20.0,0.0,0.0,0.0,10.0,10.0,50.0,PrimBox,
493,493,0,683.0,239.0,20.0,0.0,0.0,0.0,10.0,10.0,50.0,PrimBox,
494,494,0,33.0,906.0,20.0,0.0,0.0,0.0,10.0,10.0,50.0,PrimBox,
495,495,0,874.0,998.0,20.0,0.0,0.0,0.0,10.0,10.0,50.0,PrimBox,
496,496,0,285.0,39.0,20.0,0.0,0.0,0.0,10.0,10.0,50.0,PrimBox,
497,497,0,366.0,900.0,20.0,0.0,0.0,0.0,10.0,10.0,50.0,PrimBox,
498,498,0,190.0,242.0,20.0,0.0,0.0,0.0,10.0,10.0,50.0,PrimBox,
499,499,0,671.0,624.0,20.0,0.0,0.0,0.0,10.0,10.0,50.0,PrimBox,
500,500,0,899.0,899.0,20.0,0.0,0.0,0.0,10.0,10.0,50.0,PrimBox,
501,501,0,100.0,633.0,20.0,0.0,0.0,0.0,10.0,10.0,50.0,PrimBox,
502,502,0,990.0,478.0,20.0,0.0,0.0,0.0,10.0,10.0,50.0,PrimBox,
503,503,0,673.0,88.0,20.0,0.0,0.0,0.0,10.0,10.0,50.0,PrimBox,
504,504,0,506.0,517.0,20.0,0.0,0.0,0.0,10.0,10.0,50.0,PrimBox,
505,505,0,1012.0,842.0,20.0,0.0,0.0,0.0,10.0,10.0,50.0,PrimBox,
506,506,0,17.0,326.0,20.0,0.0,0.0,0.0,10.0,10.0,50.0,PrimBox,
507,507,0,670.0,306.0,20.0,0.0,0.0,0.0,10.0,10.0,50.0,PrimBox,
508,508,0,149.0,168.0,20.0,0.0,0.0,0.0,10.0,10.0,50.0,PrimBox,
509,509,0,1014.0,797.0,20.0,0.0,0.0,0.0,10.0,10.0,50.0,PrimBox,
510,510,0,909.0,767.0,20.0,0.0,0.0,0.0,10.0,10.0,50.0,PrimBox,
511,511,0,673.0,579.0,20.0,0.0,0.0,0.0,10.0,10.0,50.0,PrimBox,
512,512,0,652.0,890.0,20.0,0.0,0.0,0.0,10.0,10.0,50.0,PrimBox,
513,513,0,692.0,709.0,20.0,0.0,0.0,0.0,10.0,10.0,50.0,PrimBox,
514,514,0,739.0,222.0,20.0,0.0,0.0,0.0,10.0,10.0,50.0,PrimBox,
515,515,0,365.0,11.0,20.0,0.0,0.0,0.0,10.0,10.0,50.0,PrimBox,
516,516,0,11.0,525.0,20.0,0.0,0.0,0.0,10.0,10.0,50.0,PrimBox,
517,517,0,339.0,518.0,20.0,0.0,0.0,0.0,10.0,10.0,50.0,PrimBox,
518,518,0,187.0,62.0,20.0,0.0,0.0,0.0,10.0,10.0,50.0,PrimBox,
519,519,0,610.0,892.0,20.0,0.0,0.0,0.0,10.0,10.0,50.0,PrimBox,
520,520,0,958.0,488.0,20.0,0.0,0.0,0.0,10.0,10.0,50.0,PrimBox,
521,521,0,315.0,807.0,20.0,0.0,0.0,0.0,10.0,10.0,50.0,PrimBox,
522,522,0,579.0,850.0,20.0,0.0,0.0,0.0,10.0,10.0,50.0,PrimBox,
523,523,0,895.0,124.0,20.0,0.0,0.0,0.0,10.0,10.0,50.0,PrimBox,
524,524,0,91.0,720.0,20.0,0.0,0.0,0.0,10.0,10.0,50.0,PrimBox,
525,525,0,754.0,261.0,20.0,0.0,0.0,0.0,10.0,10.0,50.0,PrimBox,
526,526,0,293.0,671.0,20.0,0.0,0.0,0.0,10.0,10.0,50.0,PrimBox,
527,527,0,127.0,76.0,20.0,0.0,0.0,0.0,10.0,10.0,50.0,PrimBox,
528,528,0,886.0,468.0,20.0,0.0,0.0,0.0,10.0,10.0,50.0,PrimBox,
529,529,0,1014.0,711.0,20.0,0.0,0.0,0.0,10.0,10.0,50.0,PrimBox,
530,530,0,202.0,9.0,20.0,0.0,0.0,0.0,10.0,10.0,50.0,PrimBox,
531,531,0,270.0,912.0,20.0,0.0,0.0,0.0,10.0,10.0,50.0,PrimBox,
532,532,0,988.0,245.0,20.0,0.0,0.0,0.0,10.0,10.0,50.0,PrimBox,
533,533,0,543.0,338.0,20.0,0.0,0.0,0.0,10.0,10.0,50.0,PrimBox,
534,534,0,408.0,475.0,20.0,0.0,0.0,0.0,10.0,10.0,50.0,PrimBox,
535,535,0,304.0,125.0,20.0,0.0,0.0,0.0,10.0,10.0,50.0,PrimBox,
536,536,0,691.0,601.0,20.0,0.0,0.0,0.0,10.0,10.0,50.0,PrimBox,
537,537,0,1015.0,936.0,20.0,0.0,0.0,0.0,10.0,10.0,50.0,PrimBox,
538,538,0,528.0,284.0,20.0,0.0,0.0,0.0,10.0,10.0,50.0,PrimBox,
539,539,0,962.0,752.0,20.0,0.0,0.0,0.0,10.0,10.0,50.0,PrimBox,
540,540,0,953.0,746.0,20.0,0.0,0.0,0.0,10.0,10.0,50.0,PrimBox,
541,541,0,689.0,82.0,20.0,0.0,0.0,0.0,10.0,10.0,50.0,PrimBox,
542,542,0,628.0,941.0,20.0,0.0,0.0,0.0,10.0,10.0,50.0,PrimBox,
543,543,0,44.0,246.0,20.0,0.0,0.0,0.0,10.0,10.0,50.0,PrimBox,
544,544,0,456.0,326.0,20.0,0.0,0.0,0.0,10.0,10.0,50.0,PrimBox,
545,545,0,793.0,763.0,20.0,0.0,0.0,0.0,10.0,10.0,50.0,PrimBox,
546,546,0,196.0,898.0,20.0,0.0,0.0,0.0,10.0,10.0,50.0,PrimBox,
547,547,0,324.0,894.0,20.0,0.0,0.0,0.0,10.0,10.0,50.0,PrimBox,
548,548,0,511.0,728.0,20.0,0.0,0.0,0.0,10.0,10.0,50.0,PrimBox,
549,549,0,37.0,607.0,20.0,0.0,0.0,0.0,10.0,10.0,50.0,PrimBox,
550,550,0,989.0,351.0,20.0,0.0,0.0,0.0,10.0,10.0,50.0,PrimBox,
551,551,0,101.0,977.0,20.0,0.0,0.0,0.0,10.0,10.0,50.0,PrimBox,
552,552,0,192.0,533.0,20.0,0.0,0.0,0.0,10.0,10.0,50.0,PrimBox,
553,553,0,656.0,943.0,20.0,0.0,0.0,0.0,10.0,10.0,50.0,PrimBox,
554,554,0,362.0,642.0,20.0,0.0,0.0,0.0,10.0,10.0,50.0,PrimBox,
555,555,0,181.0,877.0,20.0,0.0,0.0,0.0,10.0,10.0,50.0,PrimBox,
556,556,0,209.0,429.0,20.0,0.0,0.0,0.0,10.0,10.0,50.0,PrimBox,
557,557,0,536.0,405.0,20.0,0.0,0.0,0.0,10.0,10.0,50.0,PrimBox,
558,558,0,900.0,408.0,20.0,0.0,0.0,0.0,10.0,10.0,50.0,PrimBox,
559,559,0,948.0,248.0,20.0,0.0,0.0,0.0,10.0,10.0,50.0,PrimBox,
560,560,0,485.0,410.0,20.0,0.0,0.0,0.0,10.0,10.0,50.0,PrimBox,
561,561,0,469.0,505.0,20.0,0.0,0.0,0.0,10.0,10.0,50.0,PrimBox,
562,562,0,948.0,100.0,20.0,0.0,0.0,0.0,10.0,10.0,50.0,PrimBox,
563,563,0,257.0,480.0,20.0,0.0,0.0,0.0,10.0,10.0,50.0,PrimBox,
564,564,0,197.0,1015.0,20.0,0.0,0.0,0.0,10.0,10.0,50.0,PrimBox,
565,565,0,558.0,675.0,20.0,0.0,0.0,0.0,10.0,10.0,50.0,PrimBox,
566,566,0,540.0,118.0,20.0,0.0,0.0,0.0,10.0,10.0,50.0,PrimBox,
567,567,0,99.0,332.0,20.0,0.0,0.0,0.0,10.0,10.0,50.0,PrimBox,
568,568,0,110.0,121.0,20.0,0.0,0.0,0.0,10.0,10.0,50.0,PrimBox,
569,569,0,1020.0,494.0,20.0,0.0,0.0,0.0,10.0,10.0,50.0,PrimBox,
570,570,0,144.0,616.0,20.0,0.0,0.0,0.0,10.0,10.0,50.0,PrimBox,
571,571,0,543.0,531.0,20.0,0.0,0.0,0.0,10.0,10.0,50.0,PrimBox,
572,572,0,92.0,631.0,20.0,0.0,0.0,0.0,10.0,10.0,50.0,PrimBox,
573,573,0,336.0,415.0,20.0,0.0,0.0,0.0,10.0,10.0,50.0,PrimBox,
574,574,0,619.0,996.0,20.0,0.0,0.0,0.0,10.0,10.0,50.0,PrimBox,
575,575,0,663.0,581.0,20.0,0.0,0.0,0.0,10.0,10.0,50.0,PrimBox,
576,576,0,329.0,608.0,20.0,0.0,0.0,0.0,10.0,10.0,50.0,PrimBox,
577,577,0,362.0,788.0,20.0,0.0,0.0,0.0,10.0,10.0,50.0,PrimBox,
578,578,0,713.0,514.0,20.0,0.0,0.0,0.0,10.0,10.0,50.0,PrimBox,
579,579,0,819.0,1023.0,20.0,0.0,0.0,0.0,10.0,10.0,50.0,PrimBox,
580,580,0,679.0,129.0,20.0,0.0,0.0,0.0,10.0,10.0,50.0,PrimBox,
581,581,0,605.0,223.0,20.0,0.0,0.0,0.0,10.0,10.0,50.0,PrimBox,
582,582,0,11.0,567.0,20.0,0.0,0.0,0.0,10.0,10.0,50.0,PrimBox,
583,583,0,937.0,30.0,20.0,0.0,0.0,0.0,10.0,10.0,50.0,PrimBox,
584,584,0,19.0,8.0,20.0,0.0,0.0,0.0,10.0,10.0,50.0,PrimBox,
585,585,0,1008.0,768.0,20.0,0.0,0.0,0.0,10.0,10.0,50.0,PrimBox,
586,586,0,83.0,346.0,20.0,0.0,0.0,0.0,10.0,10.0,50.0,PrimBox,
587,587,0,911.0,132.0,20.0,0.0,0.0,0.0,10.0,10.0,50.0,PrimBox,
588,588,0,779.0,539.0,20.0,0.0,0.0,0.0,10.0,10.0,50.0,PrimBox,
589,589,0,51.0,982.0,20.0,0.0,0.0,0.0,10.0,10.0,50.0,PrimBox,
590,590,0,962.0,273.0,20.0,0.0,0.0,0.0,10.0,10.0,50.0,PrimBox,
591,591,0,343.0,132.0,20.0,0.0,0.0,0.0,10.0,10.0,50.0,PrimBox,
592,592,0,554.0,500.0,20.0,0.0,0.0,0.0,10.0,10.0,50.0,PrimBox,
593,593,0,847.0,244.0,20.0,0.0,0.0,0.0,10.0,10.0,50.0,PrimBox,
594,594,0,576.0,271.0,20.0,0.0,0.0,0.0,10.0,10.0,50.0,PrimBox,
595,595,0,157.0,799.0,20.0,0.0,0.0,0.0,10.0,10.0,50.0,PrimBox,
596,596,0,40.0,990.0,20.0,0.0,0.0,0.0,10.0,10.0,50.0,PrimBox,
597,597,0,290.0,1014.0,20.0,0.0,0.0,0.0,10.0,10.0,50.0,PrimBox,
598,598,0,905.0,647.0,20.0,0.0,0.0,0.0,10.0,10.0,50.0,PrimBox,
599,599,0,738.0,965.0,20.0,0.0,0.0,0.0,10.0,10.0,50.0,PrimBox,
600,600,0,493.0,504.0,20.0,0.0,0.0,0.0,10.0,10.0,50.0,PrimBox,
601,601,0,20.0,130.0,20.0,0.0,0.0,0.0,10.0,10.0,50.0,PrimBox,
602,602,0,336.0,316.0,20.0,0.0,0.0,0.0,10.0,10.0,50.0,PrimBox,
603,603,0,683.0,792.0,20.0,0.0,0.0,0.0,10.0,10.0,50.0,PrimBox,
604,604,0,1003.0,676.0,20.0,0.0,0.0,0.0,10.0,10.0,50.0,PrimBox,
605,605,0,449.0,403.0,20.0,0.0,0.0,0.0,10.0,10.0,50.0,PrimBox,
606,606,0,46.0,647.0,20.0,0.0,0.0,0.0,10.0,10.0,50.0,PrimBox,
607,607,0,523.0,648.0,20.0,0.0,0.0,0.0,10.0,10.0,50.0,PrimBox,
608,608,0,23.0,390.0,20.0,0.0,0.0,0.0,10.0,10.0,50.0,PrimBox,
609,609,0,743.0,306.0,20.0,0.0,0.0,0.0,10.0,10.0,50.0,PrimBox,
610,610,0,298.0,966.0,20.0,0.0,0.0,0.0,10.0,10.0,50.0,PrimBox,
611,611,0,670.0,572.0,20.0,0.0,0.0,0.0,10.0,10.0,50.0,PrimBox,
612,612,0,695.0,242.0,20.0,0.0,0.0,0.0,10.0,10.0,50.0,PrimBox,
613,613,0,298.0,715.0,20.0,0.0,0.0,0.0,10.0,10.0,50.0,PrimBox,
614,614,0,671.0,649.0,20.0,0.0,0.0,0.0,10.0,10.0,50.0,PrimBox,
615,615,0,502.0,521.0,20.0,0.0,0.0,0.0,10.0,10.0,50.0,PrimBox,
616,616,0,326.0,696.0,20.0,0.0,0.0,0.0,10.0,10.0,50.0,PrimBox,
617,617,0,559.0,301.0,20.0,0.0,0.0,0.0,10.0,10.0,50.0,PrimBox,
618,618,0,56.0,491.0,20.0,0.0,0.0,0.0,10.0,10.0,50.0,PrimBox,
619,619,0,643.0,791.0,20.0,0.0,0.0,0.0,10.0,10.0,50.0,PrimBox,
620,620,0,963.0,38.0,20.0,0.0,0.0,0.0,10.0,10.0,50.0,PrimBox,
621,621,0,145.0,630.0,20.0,0.0,0.0,0.0,10.0,10.0,50.0,PrimBox,
622,622,0,730.0,380.0,20.0,0.0,0.0,0.0,10.0,10.0,50.0,PrimBox,
623,623,0,496.0,207.0,20.0,0.0,0.0,0.0,10.0,10.0,50.0,PrimBox,
624,624,0,413.0,551.0,20.0,0.0,0.0,0.0,10.0,10.0,50.0,PrimBox,
625,625,0,43.0,237.0,20.0,0.0,0.0,0.0,10.0,10.0,50.0,PrimBox,
626,626,0,552.0,789.0,20.0,0.0,0.0,0.0,10.0,10.0,50.0,PrimBox,
627,627,0,778.0,185.0,20.0,0.0,0.0,0.0,10.0,10.0,50.0,PrimBox,
628,628,0,141.0,877.0,20.0,0.0,0.0,0.0,10.0,10.0,50.0,PrimBox,
629,629,0,79.0,275.0,20.0,0.0,0.0,0.0,10.0,10.0,50.0,PrimBox,
630,630,0,637.0,514.0,20.0,0.0,0.0,0.0,10.0,10.0,50.0,PrimBox,
631,631,0,540.0,502.0,20.0,0.0,0.0,0.0,10.0,10.0,50.0,PrimBox,
632,632,0,148.0,892.0,20.0,0.0,0.0,0.0,10.0,10.0,50.0,PrimBox,
633,633,0,860.0,493.0,20.0,0.0,0.0,0.0,10.0,10.0,50.0,PrimBox,
634,634,0,781.0,750.0,20.0,0.0,0.0,0.0,10.0,10.0,50.0,PrimBox,
635,635,0,994.0,499.0,20.0,0.0,0.0,0.0,10.0,10.0,50.0,PrimBox,
636,636,0,376.0,638.0,20.0,0.0,0.0,0.0,10.0,10.0,50.0,PrimBox,
637,637,0,63.0,450.0,20.0,0.0,0.0,0.0,10.0,10.0,50.0,PrimBox,
638,638,0,253.0,225.0,20.0,0.0,0.0,0.0,10.0,10.0,50.0,PrimBox,
639,639,0,1020.0,242.0,20.0,0.0,0.0,0.0,10.0,10.0,50.0,PrimBox,
640,640,0,740.0,718.0,20.0,0.0,0.0,0.0,10.0,10.0,50.0,PrimBox,
641,641,0,867.0,612.0,20.0,0.0,0.0,0.0,10.0,10.0,50.0,PrimBox,
642,642,0,301.0,194.0,20.0,0.0,0.0,0.0,10.0,10.0,50.0,PrimBox,
643,643,0,248.0,547.0,20.0,0.0,0.0,0.0,10.0,10.0,50.0,PrimBox,
644,644,0,399.0,528.0,20.0,0.0,0.0,0.0,10.0,10.0,50.0,PrimBox,
645,645,0,397.0,310.0,20.0,0.0,0.0,0.0,10.0,10.0,50.0,PrimBox,
646,646,0,896.0,454.0,20.0,0.0,0.0,0.0,10.0,10.0,50.0,PrimBox,
647,647,0,234.0,981.0,20.0,0.0,0.0,0.0,10.0,10.0,50.0,PrimBox,
648,648,0,154.0,192.0,20.0,0.0,0.0,0.0,10.0,10.0,50.0,PrimBox,
649,649,0,57.0,1020.0,20.0,0.0,0.0,0.0,10.0,10.0,50.0,PrimBox,
650,650,0,869.0,537.0,20.0,0.0,0.0,0.0,10.0,10.0,50.0,PrimBox,
651,651,0,671.0,382.0,20.0,0.0,0.0,0.0,10.0,10.0,50.0,PrimBox,
652,652,0,874.0,33.0,20.0,0.0,0.0,0.0,10.0,10.0,50.0,PrimBox,
653,653,0,993.0,183.0,20.0,0.0,0.0,0.0,10.0,10.0,50.0,PrimBox,
654,654,0,603.0,69.0,20.0,0.0,0.0,0.0,10.0,10.0,50.0,PrimBox,
655,655,0,106.0,549.0,20.0,0.0,0.0,0.0,10.0,10.0,50.0,PrimBox,
656,656,0,336.0,867.0,20.0,0.0,0.0,0.0,10.0,10.0,50.0,PrimBox,
657,657,0,464.0,914.0,20.0,0.0,0.0,0.0,10.0,10.0,50.0,PrimBox,
658,658,0,576.0,667.0,20.0,0.0,0.0,0.0,10.0,10.0,50.0,PrimBox,
659,659,0,660.0,739.0,20.0,0.0,0.0,0.0,10.0,10.0,50.0,PrimBox,
660,660,0,307.0,502.0,20.0,0.0,0.0,0.0,10.0,10.0,50.0,PrimBox,
661,661,0,1007.0,801.0,20.0,0.0,0.0,0.0,10.0,10.0,50.0,PrimBox,
662,662,0,561.0,797.0,20.0,0.0,0.0,0.0,10.0,10.0,50.0,PrimBox,
663,663,0,103.0,547.0,20.0,0.0,0.0,0.0,10.0,10.0,50.0,PrimBox,
664,664,0,135.0,475.0,20.0,0.0,0.0,0.0,10.0,10.0,50.0,PrimBox,
665,665,0,535.0,1018.0,20.0,0.0,0.0,0.0,10.0,10.0,50.0,PrimBox,
666,666,0,425.0,825.0,20.0,0.0,0.0,0.0,10.0,10.0,50.0,PrimBox,
667,667,0,1005.0,298.0,20.0,0.0,0.0,0.0,10.0,10.0,50.0,PrimBox,
668,668,0,472.0,485.0,20.0,0.0,0.0,0.0,10.0,10.0,50.0,PrimBox,
669,669,0,370.0,488.0,20.0,0.0,0.0,0.0,10.0,10.0,50.0,PrimBox,
670,670,0,704.0,963.0,20.0,0.0,0.0,0.0,10.0,10.0,50.0,PrimBox,
671,671,0,335.0,684.0,20.0,0.0,0.0,0.0,10.0,10.0,50.0,PrimBox,
672,672,0,38.0,201.0,20.0,0.0,0.0,0.0,10.0,10.0,50.0,PrimBox,
673,673,0,865.0,451.0,20.0,0.0,0.0,0.0,10.0,10.0,50.0,PrimBox,
674,674,0,318.0,663.0,20.0,0.0,0.0,0.0,10.0,10.0,50.0,PrimBox,
675,675,0,1004.0,510.0,20.0,0.0,0.0,0.0,10.0,10.0,50.0,PrimBox,
676,676,0,347.0,735.0,20.0,0.0,0.0,0.0,10.0,10.0,50.0,PrimBox,
677,677,0,640.0,35.0,20.0,0.0,0.0,0.0,10.0,10.0,50.0,PrimBox,
678,678,0,324.0,48.0,20.0,0.0,0.0,0.0,10.0,10.0,50.0,PrimBox,
679,679,0,26.0,907.0,20.0,0.0,0.0,0.0,10.0,10.0,50.0,PrimBox,
680,680,0,796.0,380.0,20.0,0.0,0.0,0.0,10.0,10.0,50.0,PrimBox,
681,681,0,304.0,518.0,20.0,0.0,0.0,0.0,10.0,10.0,50.0,PrimBox,
682,682,0,342.0,187.0,20.0,0.0,0.0,0.0,10.0,10.0,50.0,PrimBox,
683,683,0,429.0,57.0,20.0,0.0,0.0,0.0,10.0,10.0,50.0,PrimBox,
684,684,0,578.0,965.0,20.0,0.0,0.0,0.0,10.0,10.0,50.0,PrimBox,
685,685,0,586.0,406.0,20.0,0.0,0.0,0.0,10.0,10.0,50.0,PrimBox,
686,686,0,138.0,236.0,20.0,0.0,0.0,0.0,10.0,10.0,50.0,PrimBox,
687,687,0,43.0,600.0,20.0,0.0,0.0,0.0,10.0,10.0,50.0,PrimBox,
688,688,0,554.0,483.0,20.0,0.0,0.0,0.0,10.0,10.0,50.0,PrimBox,
689,689,0,356.0,559.0,20.0,0.0,0.0,0.0,10.0,10.0,50.0,PrimBox,
690,690,0,664.0,4.0,20.0,0.0,0.0,0.0,10.0,10.0,50.0,PrimBox,
691,691,0,711.0,964.0,20.0,0.0,0.0,0.0,10.0,10.0,50.0,PrimBox,
692,692,0,569.0,120.0,20.0,0.0,0.0,0.0,10.0,10.0,50.0,PrimBox,
693,693,0,319.0,965.0,20.0,0.0,0.0,0.0,10.0,10.0,50.0,PrimBox,
694,694,0,157.0,366.0,20.0,0.0,0.0,0.0,10.0,10.0,50.0,PrimBox,
695,695,0,798.0,478.0,20.0,0.0,0.0,0.0,10.0,10.0,50.0,PrimBox,
696,696,0,201.0,831.0,20.0,0.0,0.0,0.0,10.0,10.0,50.0,PrimBox,
697,697,0,978.0,727.0,20.0,0.0,0.0,0.0,10.0,10.0,50.0,PrimBox,
698,698,0,579.0,345.0,20.0,0.0,0.0,0.0,10.0,10.0,50.0,PrimBox,
699,699,0,703.0,252.0,20.0,0.0,0.0,0.0,10.0,10.0,50.0,PrimBox,
700,700,0,966.0,690.0,20.0,0.0,0.0,0.0,10.0,10.0,50.0,PrimBox,
701,701,0,140.0,776.0,20.0,0.0,0.0,0.0,10.0,10.0,50.0,PrimBox,
702,702,0,34.0,170.0,20.0,0.0,0.0,0.0,10.0,10.0,50.0,PrimBox,
703,703,0,119.0,508.0,20.0,0.0,0.0,0.0,10.0,10.0,50.0,PrimBox,
704,704,0,62.0,418.0,20.0,0.0,0.0,0.0,10.0,10.0,50.0,PrimBox,
705,705,0,566.0,915.0,20.0,0.0,0.0,0.0,10.0,10.0,50.0,PrimBox,
706,706,0,278.0,431.0,20.0,0.0,0.0,0.0,10.0,10.0,50.0,PrimBox,
707,707,0,882.0,404.0,20.0,0.0,0.0,0.0,10.0,10.0,50.0,PrimBox,
708,708,0,816.0,163.0,20.0,0.0,0.0,0.0,10.0,10.0,50.0,PrimBox,
709,709,0,781.0,420.0,20.0,0.0,0.0,0.0,10.0,10.0,50.0,PrimBox,
710,710,0,334.0,1016.0,20.0,0.0,0.0,0.0,10.0,10.0,50.0,PrimBox,
711,711,0,817.0,527.0,20.0,0.0,0.0,0.0,10.0,10.0,50.0,PrimBox,
712,712,0,716.0,555.0,20.0,0.0,0.0,0.0,10.0,10.0,50.0,PrimBox,
713,713,0,659.0,469.0,20.0,0.0,0.0,0.0,10.0,10.0,50.0,PrimBox,
714,714,0,731.0,702.0,20.0,0.0,0.0,0.0,10.0,10.0,50.0,PrimBox,
715,715,0,83.0,266.0,20.0,0.0,0.0,0.0,10.0,10.0,50.0,PrimBox,
716,716,0,131.0,850.0,20.0,0.0,0.0,0.0,10.0,10.0,50.0,PrimBox,
717,717,0,404.0,741.0,20.0,0.0,0.0,0.0,10.0,10.0,50.0,PrimBox,
718,718,0,131.0,559.0,20.0,0.0,0.0,0.0,10.0,10.0,50.0,PrimBox,
719,719,0,825.0,998.0,20.0,0.0,0.0,0.0,10.0,10.0,50.0,PrimBox,
720,720,0,265.0,522.0,20.0,0.0,0.0,0.0,10.0,10.0,50.0,PrimBox,
721,721,0,497.0,201.0,20.0,0.0,0.0,0.0,10.0,10.0,50.0,PrimBox,
722,722,0,151.0,269.0,20.0,0.0,0.0,0.0,10.0,10.0,50.0,PrimBox,
723,723,0,660.0,654.0,20.0,0.0,0.0,0.0,10.0,10.0,50.0,PrimBox,
724,724,0,182.0,704.0,20.0,0.0,0.0,0.0,10.0,10.0,50.0,PrimBox,
725,725,0,160.0,70.0,20.0,0.0,0.0,0.0,10.0,10.0,50.0,PrimBox,
726,726,0,663.0,266.0,20.0,0.0,0.0,0.0,10.0,10.0,50.0,PrimBox,
727,727,0,197.0,298.0,20.0,0.0,0.0,0.0,10.0,10.0,50.0,PrimBox,
728,728,0,858.0,67.0,20.0,0.0,0.0,0.0,10.0,10.0,50.0,PrimBox,
729,729,0,385.0,53.0,20.0,0.0,0.0,0.0,10.0,10.0,50.0,PrimBox,
730,730,0,865.0,306.0,20.0,0.0,0.0,0.0,10.0,10.0,50.0,PrimBox,
731,731,0,55.0,634.0,20.0,0.0,0.0,0.0,10.0,10.0,50.0,PrimBox,
732,732,0,1019.0,466.0,20.0,0.0,0.0,0.0,10.0,10.0,50.0,PrimBox,
733,733,0,366.0,653.0,20.0,0.0,0.0,0.0,10.0,10.0,50.0,PrimBox,
734,734,0,182.0,728.0,20.0,0.0,0.0,0.0,10.0,10.0,50.0,PrimBox,
735,735,0,916.0,349.0,20.0,0.0,0.0,0.0,10.0,10.0,50.0,PrimBox,
736,736,0,403.0,62.0,20.0,0.0,0.0,0.0,10.0,10.0,50.0,PrimBox,
737,737,0,36.0,98.0,20.0,0.0,0.0,0.0,10.0,10.0,50.0,PrimBox,
738,738,0,468.0,612.0,20.0,0.0,0.0,0.0,10.0,10.0,50.0,PrimBox,
739,739,0,1018.0,331.0,20.0,0.0,0.0,0.0,10.0,10.0,50.0,PrimBox,
740,740,0,817.0,1018.0,20.0,0.0,0.0,0.0,10.0,10.0,50.0,PrimBox,
741,741,0,117.0,249.0,20.0,0.0,0.0,0.0,10.0,10.0,50.0,PrimBox,
742,742,0,1004.0,610.0,20.0,0.0,0.0,0.0,10.0,10.0,50.0,PrimBox,
743,743,0,17.0,588.0,20.0,0.0,0.0,0.0,10.0,10.0,50.0,PrimBox,
744,744,0,696.0,781.0,20.0,0.0,0.0,0.0,10.0,10.0,50.0,PrimBox,
745,745,0,598.0,266.0,20.0,0.0,0.0,0.0,10.0,10.0,50.0,PrimBox,
746,746,0,562.0,67.0,20.0,0.0,0.0,0.0,10.0,10.0,50.0,PrimBox,
747,747,0,45.0,538.0,20.0,0.0,0.0,0.0,10.0,10.0,50.0,PrimBox,
748,748,0,629.0,683.0,20.0,0.0,0.0,0.0,10.0,10.0,50.0,PrimBox,
749,749,0,834.0,110.0,20.0,0.0,0.0,0.0,10.0,10.0,50.0,PrimBox,
750,750,0,598.0,798.0,20.0,0.0,0.0,0.0,10.0,10.0,50.0,PrimBox,
751,751,0,89.0,276.0,20.0,0.0,0.0,0.0,10.0,10.0,50.0,PrimBox,
752,752,0,742.0,390.0,20.0,0.0,0.0,0.0,10.0,10.0,50.0,PrimBox,
753,753,0,638.0,320.0,20.0,0.0,0.0,0.0,10.0,10.0,50.0,PrimBox,
754,754,0,799.0,498.0,20.0,0.0,0.0,0.0,10.0,10.0,50.0,PrimBox,
755,755,0,621.0,670.0,20.0,0.0,0.0,0.0,10.0,10.0,50.0,PrimBox,
756,756,0,735.0,139.0,20.0,0.0,0.0,0.0,10.0,10.0,50.0,PrimBox,
757,757,0,955.0,167.0,20.0,0.0,0.0,0.0,10.0,10.0,50.0,PrimBox,
758,758,0,1009.0,937.0,20.0,0.0,0.0,0.0,10.0,10.0,50.0,PrimBox,
759,759,0,804.0,413.0,20.0,0.0,0.0,0.0,10.0,10.0,50.0,PrimBox,
760,760,0,351.0,278.0,20.0,0.0,0.0,0.0,10.0,10.0,50.0,PrimBox,
761,761,0,931.0,616.0,20.0,0.0,0.0,0.0,10.0,10.0,50.0,PrimBox,
762,762,0,262.0,106.0,20.0,0.0,0.0,0.0,10.0,10.0,50.0,PrimBox,
763,763,0,571.0,684.0,20.0,0.0,0.0,0.0,10.0,10.0,50.0,PrimBox,
764,764,0,346.0,107.0,20.0,0.0,0.0,0.0,10.0,10.0,50.0,PrimBox,
765,765,0,710.0,358.0,20.0,0.0,0.0,0.0,10.0,10.0,50.0,PrimBox,
766,766,0,274.0,120.0,20.0,0.0,0.0,0.0,10.0,10.0,50.0,PrimBox,
767,767,0,663.0,678.0,20.0,0.0,0.0,0.0,10.0,10.0,50.0,PrimBox,
768,768,0,179.0,347.0,20.0,0.0,0.0,0.0,10.0,10.0,50.0,PrimBox,
769,769,0,129.0,44.0,20.0,0.0,0.0,0.0,10.0,10.0,50.0,PrimBox,
770,770,0,547.0,537.0,20.0,0.0,0.0,0.0,10.0,10.0,50.0,PrimBox,
771,771,0,129.0,323.0,20.0,0.0,0.0,0.0,10.0,10.0,50.0,PrimBox,
772,772,0,173.0,517.0,20.0,0.0,0.0,0.0,10.0,10.0,50.0,PrimBox,
773,773,0,77.0,434.0,20.0,0.0,0.0,0.0,10.0,10.0,50.0,PrimBox,
774,774,0,126.0,222.0,20.0,0.0,0.0,0.0,10.0,10.0,50.0,PrimBox,
775,775,0,243.0,74.0,20.0,0.0,0.0,0.0,10.0,10.0,50.0,PrimBox,
776,776,0,797.0,131.0,20.0,0.0,0.0,0.0,10.0,10.0,50.0,PrimBox,
777,777,0,263.0,886.0,20.0,0.0,0.0,0.0,10.0,10.0,50.0,PrimBox,
778,778,0,814.0,444.0,20.0,0.0,0.0,0.0,10.0,10.0,50.0,PrimBox,
779,779,0,503.0,280.0,20.0,0.0,0.0,0.0,10.0,10.0,50.0,PrimBox,
780,780,0,153.0,637.0,20.0,0.0,0.0,0.0,10.0,10.0,50.0,PrimBox,
781,781,0,689.0,786.0,20.0,0.0,0.0,0.0,10.0,10.0,50.0,PrimBox,
782,782,0,810.0,71.0,20.0,0.0,0.0,0.0,10.0,10.0,50.0,PrimBox,
783,783,0,302.0,784.0,20.0,0.0,0.0,0.0,10.0,10.0,50.0,PrimBox,
784,784,0,239.0,111.0,20.0,0.0,0.0,0.0,10.0,10.0,50.0,PrimBox,
785,785,0,52.0,625.0,20.0,0.0,0.0,0.0,10.0,10.0,50.0,PrimBox,
786,786,0,682.0,647.0,20.0,0.0,0.0,0.0,10.0,10.0,50.0,PrimBox,
787,787,0,615.0,673.0,20.0,0.0,0.0,0.0,10.0,10.0,50.0,PrimBox,
788,788,0,35.0,672.0,20.0,0.0,0.0,0.0,10.0,10.0,50.0,PrimBox,
789,789,0,922.0,716.0,20.0,0.0,0.0,0.0,10.0,10.0,50.0,PrimBox,
790,790,0,924.0,447.0,20.0,0.0,0.0,0.0,10.0,10.0,50.0,PrimBox,
791,791,0,363.0,380.0,20.0,0.0,0.0,0.0,10.0,10.0,50.0,PrimBox,
792,792,0,822.0,662.0,20.0,0.0,0.0,0.0,10.0,10.0,50.0,PrimBox,
793,793,0,92.0,905.0,20.0,0.0,0.0,0.0,10.0,10.0,50.0,PrimBox,
794,794,0,217.0,907.0,20.0,0.0,0.0,0.0,10.0,10.0,50.0,PrimBox,
795,795,0,735.0,429.0,20.0,0.0,0.0,0.0,10.0,10.0,50.0,PrimBox,
796,796,0,261.0,245.0,20.0,0.0,0.0,0.0,10.0,10.0,50.0,PrimBox,
797,797,0,44.0,813.0,20.0,0.0,0.0,0.0,10.0,10.0,50.0,PrimBox,
798,798,0,755.0,957.0,20.0,0.0,0.0,0.0,10.0,10.0,50.0,PrimBox,
799,799,0,349.0,551.0,20.0,0.0,0.0,0.0,10.0,10.0,50.0,PrimBox,
800,800,0,117.0,180.0,20.0,0.0,0.0,0.0,10.0,10.0,50.0,PrimBox,
801,801,0,978.0,373.0,20.0,0.0,0.0,0.0,10.0,10.0,50.0,PrimBox,
802,802,0,599.0,95.0,20.0,0.0,0.0,0.0,10.0,10.0,50.0,PrimBox,
803,803,0,188.0,123.0,20.0,0.0,0.0,0.0,10.0,10.0,50.0,PrimBox,
804,804,0,573.0,383.0,20.0,0.0,0.0,0.0,10.0,10.0,50.0,PrimBox,
805,805,0,670.0,719.0,20.0,0.0,0.0,0.0,10.0,10.0,50.0,PrimBox,
806,806,0,397.0,559.0,20.0,0.0,0.0,0.0,10.0,10.0,50.0,PrimBox,
807,807,0,645.0,84.0,20.0,0.0,0.0,0.0,10.0,10.0,50.0,PrimBox,
808,808,0,392.0,52.0,20.0,0.0,0.0,0.0,10.0,10.0,50.0,PrimBox,
809,809,0,1004.0,574.0,20.0,0.0,0.0,0.0,10.0,10.0,50.0,PrimBox,
810,810,0,850.0,274.0,20.0,0.0,0.0,0.0,10.0,10.0,50.0,PrimBox,
811,811,0,932.0,597.0,20.0,0.0,0.0,0.0,10.0,10.0,50.0,PrimBox,
812,812,0,957.0,343.0,20.0,0.0,0.0,0.0,10.0,10.0,50.0,PrimBox,
813,813,0,831.0,999.0,20.0,0.0,0.0,0.0,10.0,10.0,50.0,PrimBox,
814,814,0,345.0,202.0,20.0,0.0,0.0,0.0,10.0,10.0,50.0,PrimBox,
815,815,0,88.0,275.0,20.0,0.0,0.0,0.0,10.0,10.0,50.0,PrimBox,
816,816,0,169.0,615.0,20.0,0.0,0.0,0.0,10.0,10.0,50.0,PrimBox,
817,817,0,125.0,850.0,20.0,0.0,0.0,0.0,10.0,10.0,50.0,PrimBox,
818,818,0,365.0,864.0,20.0,0.0,0.0,0.0,10.0,10.0,50.0,PrimBox,
819,819,0,91.0,944.0,20.0,0.0,0.0,0.0,10.0,10.0,50.0,PrimBox,
820,820,0,334.0,1017.0,20.0,0.0,0.0,0.0,10.0,10.0,50.0,PrimBox,
821,821,0,718.0,407.0,20.0,0.0,0.0,0.0,10.0,10.0,50.0,PrimBox,
822,822,0,966.0,931.0,20.0,0.0,0.0,0.0,10.0,10.0,50.0,PrimBox,
823,823,0,592.0,735.0,20.0,0.0,0.0,0.0,10.0,10.0,50.0,PrimBox,
824,824,0,163.0,885.0,20.0,0.0,0.0,0.0,10.0,10.0,50.0,PrimBox,
825,825,0,413.0,146.0,20.0,0.0,0.0,0.0,10.0,10.0,50.0,PrimBox,
826,826,0,579.0,802.0,20.0,0.0,0.0,0.0,10.0,10.0,50.0,PrimBox,
827,827,0,640.0,464.0,20.0,0.0,0.0,0.0,10.0,10.0,50.0,PrimBox,
828,828,0,644.0,97.0,20.0,0.0,0.0,0.0,10.0,10.0,50.0,PrimBox,
829,829,0,70.0,320.0,20.0,0.0,0.0,0.0,10.0,10.0,50.0,PrimBox,
830,830,0,348.0,2.0,20.0,0.0,0.0,0.0,10.0,10.0,50.0,PrimBox,
831,831,0,468.0,455.0,20.0,0.0,0.0,0.0,10.0,10.0,50.0,PrimBox,
832,832,0,535.0,538.0,20.0,0.0,0.0,0.0,10.0,10.0,50.0,PrimBox,
833,833,0,493.0,110.0,20.0,0.0,0.0,0.0,10.0,10.0,50.0,PrimBox,
834,834,0,141.0,17.0,20.0,0.0,0.0,0.0,10.0,10.0,50.0,PrimBox,
835,835,0,814.0,1007.0,20.0,0.0,0.0,0.0,10.0,10.0,50.0,PrimBox,
836,836,0,485.0,995.0,20.0,0.0,0.0,0.0,10.0,10.0,50.0,PrimBox,
837,837,0,8.0,476.0,20.0,0.0,0.0,0.0,10.0,10.0,50.0,PrimBox,
838,838,0,244.0,903.0,20.0,0.0,0.0,0.0,10.0,10.0,50.0,PrimBox,
839,839,0,524.0,533.0,20.0,0.0,0.0,0.0,10.0,10.0,50.0,PrimBox,
840,840,0,245.0,550.0,20.0,0.0,0.0,0.0,10.0,10.0,50.0,PrimBox,
841,841,0,806.0,763.0,20.0,0.0,0.0,0.0,10.0,10.0,50.0,PrimBox,
842,842,0,499.0,707.0,20.0,0.0,0.0,0.0,10.0,10.0,50.0,PrimBox,
843,843,0,643.0,1002.0,20.0,0.0,0.0,0.0,10.0,10.0,50.0,PrimBox,
844,844,0,297.0,210.0,20.0,0.0,0.0,0.0,10.0,10.0,50.0,PrimBox,
845,845,0,611.0,861.0,20.0,0.0,0.0,0.0,10.0,10.0,50.0,PrimBox,
846,846,0,149.0,901.0,20.0,0.0,0.0,0.0,10.0,10.0,50.0,PrimBox,
847,847,0,921.0,892.0,20.0,0.0,0.0,0.0,10.0,10.0,50.0,PrimBox,
848,848,0,19.0,955.0,20.0,0.0,0.0,0.0,10.0,10.0,50.0,PrimBox,
849,849,0,802.0,533.0,20.0,0.0,0.0,0.0,10.0,10.0,50.0,PrimBox,
850,850,0,887.0,746.0,20.0,0.0,0.0,0.0,10.0,10.0,50.0,PrimBox,
851,851,0,513.0,114.0,20.0,0.0,0.0,0.0,10.0,10.0,50.0,PrimBox,
852,852,0,167.0,731.0,20.0,0.0,0.0,0.0,10.0,10.0,50.0,PrimBox,
853,853,0,906.0,10.0,20.0,0.0,0.0,0.0,10.0,10.0,50.0,PrimBox,
854,854,0,507.0,682.0,20.0,0.0,0.0,0.0,10.0,10.0,50.0,PrimBox,
855,855,0,561.0,717.0,20.0,0.0,0.0,0.0,10.0,10.0,50.0,PrimBox,
856,856,0,229.0,343.0,20.0,0.0,0.0,0.0,10.0,10.0,50.0,PrimBox,
857,857,0,829.0,129.0,20.0,0.0,0.0,0.0,10.0,10.0,50.0,PrimBox,
858,858,0,652.0,227.0,20.0,0.0,0.0,0.0,10.0,10.0,50.0,PrimBox,
859,859,0,486.0,698.0,20.0,0.0,0.0,0.0,10.0,10.0,50.0,PrimBox,
860,860,0,994.0,821.0,20.0,0.0,0.0,0.0,10.0,10.0,50.0,PrimBox,
861,861,0,744.0,486.0,20.0,0.0,0.0,0.0,10.0,10.0,50.0,PrimBox,
862,862,0,181.0,746.0,20.0,0.0,0.0,0.0,10.0,10.0,50.0,PrimBox,
863,863,0,535.0,39.0,20.0,0.0,0.0,0.0,10.0,10.0,50.0,PrimBox,
864,864,0,350.0,668.0,20.0,0.0,0.0,0.0,10.0,10.0,50.0,PrimBox,
865,865,0,24.0,530.0,20.0,0.0,0.0,0.0,10.0,10.0,50.0,PrimBox,
866,866,0,204.0,122.0,20.0,0.0,0.0,0.0,10.0,10.0,50.0,PrimBox,
867,867,0,848.0,439.0,20.0,0.0,0.0,0.0,10.0,10.0,50.0,PrimBox,
868,868,0,310.0,651.0,20.0,0.0,0.0,0.0,10.0,10.0,50.0,PrimBox,
869,869,0,988.0,536.0,20.0,0.0,0.0,0.0,10.0,10.0,50.0,PrimBox,
870,870,0,1016.0,423.0,20.0,0.0,0.0,0.0,10.0,10.0,50.0,PrimBox,
871,871,0,901.0,953.0,20.0,0.0,0.0,0.0,10.0,10.0,50.0,PrimBox,
872,872,0,499.0,481.0,20.0,0.0,0.0,0.0,10.0,10.0,50.0,PrimBox,
873,873,0,970.0,727.0,20.0,0.0,0.0,0.0,10.0,10.0,50.0,PrimBox,
874,874,0,87.0,765.0,20.0,0.0,0.0,0.0,10.0,10.0,50.0,PrimBox,
875,875,0,348.0,212.0,20.0,0.0,0.0,0.0,10.0,10.0,50.0,PrimBox,
876,876,0,691.0,682.0,20.0,0.0,0.0,0.0,10.0,10.0,50.0,PrimBox,
877,877,0,466.0,90.0,20.0,0.0,0.0,0.0,10.0,10.0,50.0,PrimBox,
878,878,0,518.0,40.0,20.0,0.0,0.0,0.0,10.0,10.0,50.0,PrimBox,
879,879,0,496.0,758.0,20.0,0.0,0.0,0.0,10.0,10.0,50.0,PrimBox,
880,880,0,450.0,640.0,20.0,0.0,0.0,0.0,10.0,10.0,50.0,PrimBox,
881,881,0,112.0,839.0,20.0,0.0,0.0,0.0,10.0,10.0,50.0,PrimBox,
882,882,0,719.0,657.0,20.0,0.0,0.0,0.0,10.0,10.0,50.0,PrimBox,
883,883,0,792.0,57.0,20.0,0.0,0.0,0.0,10.0,10.0,50.0,PrimBox,
884,884,0,528.0,504.0,20.0,0.0,0.0,0.0,10.0,10.0,50.0,PrimBox,
885,885,0,455.0,101.0,20.0,0.0,0.0,0.0,10.0,10.0,50.0,PrimBox,
886,886,0,835.0,588.0,20.0,0.0,0.0,0.0,10.0,10.0,50.0,PrimBox,
887,887,0,303.0,95.0,20.0,0.0,0.0,0.0,10.0,10.0,50.0,PrimBox,
888,888,0,732.0,497.0,20.0,0.0,0.0,0.0,10.0,10.0,50.0,PrimBox,
889,889,0,282.0,885.0,20.0,0.0,0.0,0.0,10.0,10.0,50.0,PrimBox,
890,890,0,256.0,196.0,20.0,0.0,0.0,0.0,10.0,10.0,50.0,PrimBox,
891,891,0,99.0,135.0,20.0,0.0,0.0,0.0,10.0,10.0,50.0,PrimBox,
892,892,0,459.0,685.0,20.0,0.0,0.0,0.0,10.0,10.0,50.0,PrimBox,
893,893,0,817.0,876.0,20.0,0.0,0.0,0.0,10.0,10.0,50.0,PrimBox,
894,894,0,748.0,384.0,20.0,0.0,0.0,0.0,10.0,10.0,50.0,PrimBox,
895,895,0,656.0,963.0,20.0,0.0,0.0,0.0,10.0,10.0,50.0,PrimBox,
896,896,0,182.0,416.0,20.0,0.0,0.0,0.0,10.0,10.0,50.0,PrimBox,
897,897,0,810.0,839.0,20.0,0.0,0.0,0.0,10.0,10.0,50.0,PrimBox,
898,898,0,293.0,620.0,20.0,0.0,0.0,0.0,10.0,10.0,50.0,PrimBox,
899,899,0,939.0,40.0,20.0,0.0,0.0,0.0,10.0,10.0,50.0,PrimBox,
900,900,0,365.0,971.0,20.0,0.0,0.0,0.0,10.0,10.0,50.0,PrimBox,
901,901,0,578.0,910.0,20.0,0.0,0.0,0.0,10.0,10.0,50.0,PrimBox,
902,902,0,878.0,515.0,20.0,0.0,0.0,0.0,10.0,10.0,50.0,PrimBox,
903,903,0,963.0,270.0,20.0,0.0,0.0,0.0,10.0,10.0,50.0,PrimBox,
904,904,0,699.0,912.0,20.0,0.0,0.0,0.0,10.0,10.0,50.0,PrimBox,
905,905,0,522.0,432.0,20.0,0.0,0.0,0.0,10.0,10.0,50.0,PrimBox,
906,906,0,470.0,710.0,20.0,0.0,0.0,0.0,10.0,10.0,50.0,PrimBox,
907,907,0,660.0,20.0,20.0,0.0,0.0,0.0,10.0,10.0,50.0,PrimBox,
908,908,0,744.0,482.0,20.0,0.0,0.0,0.0,10.0,10.0,50.0,PrimBox,
909,909,0,414.0,858.0,20.0,0.0,0.0,0.0,10.0,10.0,50.0,PrimBox,
910,910,0,103.0,97.0,20.0,0.0,0.0,0.0,10.0,10.0,50.0,PrimBox,
911,911,0,441.0,916.0,20.0,0.0,0.0,0.0,10.0,10.0,50.0,PrimBox,
912,912,0,257.0,951.0,20.0,0.0,0.0,0.0,10.0,10.0,50.0,PrimBox,
913,913,0,848.0,240.0,20.0,0.0,0.0,0.0,10.0,10.0,50.0,PrimBox,
914,914,0,918.0,986.0,20.0,0.0,0.0,0.0,10.0,10.0,50.0,PrimBox,
915,915,0,894.0,549.0,20.0,0.0,0.0,0.0,10.0,10.0,50.0,PrimBox,
916,916,0,806.0,404.0,20.0,0.0,0.0,0.0,10.0,10.0,50.0,PrimBox,
917,917,0,356.0,841.0,20.0,0.0,0.0,0.0,10.0,10.0,50.0,PrimBox,
918,918,0,70.0,317.0,20.0,0.0,0.0,0.0,10.0,10.0,50.0,PrimBox,
919,919,0,342.0,991.0,20.0,0.0,0.0,0.0,10.0,10.0,50.0,PrimBox,
920,920,0,296.0,43.0,20.0,0.0,0.0,0.0,10.0,10.0,50.0,PrimBox,
921,921,0,318.0,467.0,20.0,0.0,0.0,0.0,10.0,10.0,50.0,PrimBox,
922,922,0,779.0,543.0,20.0,0.0,0.0,0.0,10.0,10.0,50.0,PrimBox,
923,923,0,500.0,744.0,20.0,0.0,0.0,0.0,10.0,10.0,50.0,PrimBox,
924,924,0,948.0,476.0,20.0,0.0,0.0,0.0,10.0,10.0,50.0,PrimBox,
925,925,0,427.0,838.0,20.0,0.0,0.0,0.0,10.0,10.0,50.0,PrimBox,
926,926,0,915.0,344.0,20.0,0.0,0.0,0.0,10.0,10.0,50.0,PrimBox,
927,927,0,23.0,525.0,20.0,0.0,0.0,0.0,10.0,10.0,50.0,PrimBox,
928,928,0,342.0,520.0,20.0,0.0,0.0,0.0,10.0,10.0,50.0,PrimBox,
929,929,0,427.0,0.0,20.0,0.0,0.0,0.0,10.0,10.0,50.0,PrimBox,
930,930,0,465.0,360.0,20.0,0.0,0.0,0.0,10.0,10.0,50.0,PrimBox,
931,931,0,1020.0,247.0,20.0,0.0,0.0,0.0,10.0,10.0,50.0,PrimBox,
932,932,0,913.0,26.0,20.0,0.0,0.0,0.0,10.0,10.0,50.0,PrimBox,
933,933,0,598.0,570.0,20.0,0.0,0.0,0.0,10.0,10.0,50.0,PrimBox,
934,934,0,982.0,988.0,20.0,0.0,0.0,0.0,10.0,10.0,50.0,PrimBox,
935,935,0,655.0,676.0,20.0,0.0,0.0,0.0,10.0,10.0,50.0,PrimBox,
936,936,0,858.0,288.0,20.0,0.0,0.0,0.0,10.0,10.0,50.0,PrimBox,
937,937,0,846.0,313.0,20.0,0.0,0.0,0.0,10.0,10.0,50.0,PrimBox,
938,938,0,1017.0,279.0,20.0,0.0,0.0,0.0,10.0,10.0,50.0,PrimBox,
939,939,0,584.0,978.0,20.0,0.0,0.0,0.0,10.0,10.0,50.0,PrimBox,
940,940,0,296.0,997.0,20.0,0.0,0.0,0.0,10.0,10.0,50.0,PrimBox,
941,941,0,596.0,401.0,20.0,0.0,0.0,0.0,10.0,10.0,50.0,PrimBox,
942,942,0,41.0,242.0,20.0,0.0,0.0,0.0,10.0,10.0,50.0,PrimBox,
943,943,0,720.0,1009.0,20.0,0.0,0.0,0.0,10.0,10.0,50.0,PrimBox,
944,944,0,502.0,107.0,20.0,0.0,0.0,0.0,10.0,10.0,50.0,PrimBox,
945,945,0,880.0,434.0,20.0,0.0,0.0,0.0,10.0,10.0,50.0,PrimBox,
946,946,0,40.0,392.0,20.0,0.0,0.0,0.0,10.0,10.0,50.0,PrimBox,
947,947,0,341.0,69.0,20.0,0.0,0.0,0.0,10.0,10.0,50.0,PrimBox,
948,948,0,868.0,159.0,20.0,0.0,0.0,0.0,10.0,10.0,50.0,PrimBox,
949,949,0,66.0,722.0,20.0,0.0,0.0,0.0,10.0,10.0,50.0,PrimBox,
950,950,0,359.0,662.0,20.0,0.0,0.0,0.0,10.0,10.0,50.0,PrimBox,
951,951,0,182.0,489.0,20.0,0.0,0.0,0.0,10.0,10.0,50.0,PrimBox,
952,952,0,584.0,320.0,20.0,0.0,0.0,0.0,10.0,10.0,50.0,PrimBox,
953,953,0,506.0,867.0,20.0,0.0,0.0,0.0,10.0,10.0,50.0,PrimBox,
954,954,0,92.0,211.0,20.0,0.0,0.0,0.0,10.0,10.0,50.0,PrimBox,
955,955,0,354.0,66.0,20.0,0.0,0.0,0.0,10.0,10.0,50.0,PrimBox,
956,956,0,1008.0,714.0,20.0,0.0,0.0,0.0,10.0,10.0,50.0,PrimBox,
957,957,0,623.0,305.0,20.0,0.0,0.0,0.0,10.0,10.0,50.0,PrimBox,
958,958,0,3.0,428.0,20.0,0.0,0.0,0.0,10.0,10.0,50.0,PrimBox,
959,959,0,532.0,658.0,20.0,0.0,0.0,0.0,10.0,10.0,50.0,PrimBox,
960,960,0,855.0,848.0,20.0,0.0,0.0,0.0,10.0,10.0,50.0,PrimBox,
961,961,0,499.0,600.0,20.0,0.0,0.0,0.0,10.0,10.0,50.0,PrimBox,
962,962,0,341.0,187.0,20.0,0.0,0.0,0.0,10.0,10.0,50.0,PrimBox,
963,963,0,850.0,81.0,20.0,0.0,0.0,0.0,10.0,10.0,50.0,PrimBox,
964,964,0,150.0,810.0,20.0,0.0,0.0,0.0,10.0,10.0,50.0,PrimBox,
965,965,0,71.0,293.0,20.0,0.0,0.0,0.0,10.0,10.0,50.0,PrimBox,
966,966,0,385.0,356.0,20.0,0.0,0.0,0.0,10.0,10.0,50.0,PrimBox,
967,967,0,200.0,233.0,20.0,0.0,0.0,0.0,10.0,10.0,50.0,PrimBox,
968,968,0,459.0,863.0,20.0,0.0,0.0,0.0,10.0,10.0,50.0,PrimBox,
969,969,0,87.0,21.0,20.0,0.0,0.0,0.0,10.0,10.0,50.0,PrimBox,
970,970,0,667.0,1018.0,20.0,0.0,0.0,0.0,10.0,10.0,50.0,PrimBox,
971,971,0,115.0,122.0,20.0,0.0,0.0,0.0,10.0,10.0,50.0,PrimBox,
972,972,0,454.0,417.0,20.0,0.0,0.0,0.0,10.0,10.0,50.0,PrimBox,
973,973,0,800.0,11.0,20.0,0.0,0.0,0.0,10.0,10.0,50.0,PrimBox,
974,974,0,918.0,726.0,20.0,0.0,0.0,0.0,10.0,10.0,50.0,PrimBox,
975,975,0,175.0,82.0,20.0,0.0,0.0,0.0,10.0,10.0,50.0,PrimBox,
976,976,0,445.0,718.0,20.0,0.0,0.0,0.0,10.0,10.0,50.0,PrimBox,
977,977,0,858.0,1005.0,20.0,0.0,0.0,0.0,10.0,10.0,50.0,PrimBox,
978,978,0,312.0,186.0,20.0,0.0,0.0,0.0,10.0,10.0,50.0,PrimBox,
979,979,0,802.0,689.0,20.0,0.0,0.0,0.0,10.0,10.0,50.0,PrimBox,
980,980,0,63.0,469.0,20.0,0.0,0.0,0.0,10.0,10.0,50.0,PrimBox,
981,981,0,104.0,449.0,20.0,0.0,0.0,0.0,10.0,10.0,50.0,PrimBox,
982,982,0,745.0,747.0,20.0,0.0,0.0,0.0,10.0,10.0,50.0,PrimBox,
983,983,0,901.0,649.0,20.0,0.0,0.0,0.0,10.0,10.0,50.0,PrimBox,
984,984,0,187.0,475.0,20.0,0.0,0.0,0.0,10.0,10.0,50.0,PrimBox,
985,985,0,6.0,620.0,20.0,0.0,0.0,0.0,10.0,10.0,50.0,PrimBox,
986,986,0,771.0,610.0,20.0,0.0,0.0,0.0,10.0,10.0,50.0,PrimBox,
987,987,0,605.0,207.0,20.0,0.0,0.0,0.0,10.0,10.0,50.0,PrimBox,
988,988,0,985.0,917.0,20.0,0.0,0.0,0.0,10.0,10.0,50.0,PrimBox,
989,989,0,835.0,589.0,20.0,0.0,0.0,0.0,10.0,10.0,50.0,PrimBox,
990,990,0,890.0,129.0,20.0,0.0,0.0,0.0,10.0,10.0,50.0,PrimBox,
991,991,0,156.0,535.0,20.0,0.0,0.0,0.0,10.0,10.0,50.0,PrimBox,
992,992,0,479.0,683.0,20.0,0.0,0.0,0.0,10.0,10.0,50.0,PrimBox,
993,993,0,74.0,439.0,20.0,0.0,0.0,0.0,10.0,10.0,50.0,PrimBox,
994,994,0,157.0,158.0,20.0,0.0,0.0,0.0,10.0,10.0,50.0,PrimBox,
995,995,0,559.0,5.0,20.0,0.0,0.0,0.0,10.0,10.0,50.0,PrimBox,
996,996,0,378.0,269.0,20.0,0.0,0.0,0.0,10.0,10.0,50.0,PrimBox,
997,997,0,892.0,393.0,20.0,0.0,0.0,0.0,10.0,10.0,50.0,PrimBox,
998,998,0,170.0,223.0,20.0,0.0,0.0,0.0,10.0,10.0,50.0,PrimBox,
999,999,0,644.0,846.0,20.0,0.0,0.0,0.0,10.0,10.0,50.0,PrimBox,
1000,1000,0,535.0,800.0,20.0,0.0,0.0,0.0,10.0,10.0,50.0,PrimBox,
1001,1001,0,863.0,251.0,20.0,0.0,0.0,0.0,10.0,10.0,50.0,PrimBox,
1002,1002,0,10.0,435.0,20.0,0.0,0.0,0.0,10.0,10.0,50.0,PrimBox,
1003,1003,0,774.0,989.0,20.0,0.0,0.0,0.0,10.0,10.0,50.0,PrimBox,
1004,1004,0,553.0,172.0,20.0,0.0,0.0,0.0,10.0,10.0,50.0,PrimBox,
1005,1005,0,999.0,713.0,20.0,0.0,0.0,0.0,10.0,10.0,50.0,PrimBox,
1006,1006,0,745.0,98.0,20.0,0.0,0.0,0.0,10.0,10.0,50.0,PrimBox,
1007,1007,0,145.0,454.0,20.0,0.0,0.0,0.0,10.0,10.0,50.0,PrimBox,
1008,1008,0,649.0,866.0,20.0,0.0,0.0,0.0,10.0,10.0,50.0,PrimBox,
1009,1009,0,668.0,218.0,20.0,0.0,0.0,0.0,10.0,10.0,50.0,PrimBox,
1010,1010,0,501.0,523.0,20.0,0.0,0.0,0.0,10.0,10.0,50.0,PrimBox,
1011,1011,0,492.0,691.0,20.0,0.0,0.0,0.0,10.0,10.0,50.0,PrimBox,
1012,1012,0,327.0,227.0,20.0,0.0,0.0,0.0,10.0,10.0,50.0,PrimBox,
1013,1013,0,546.0,656.0,20.0,0.0,0.0,0.0,10.0,10.0,50.0,PrimBox,
1014,1014,0,268.0,371.0,20.0,0.0,0.0,0.0,10.0,10.0,50.0,PrimBox,
1015,1015,0,578.0,92.0,20.0,0.0,0.0,0.0,10.0,10.0,50.0,PrimBox,
1016,1016,0,800.0,825.0,20.0,0.0,0.0,0.0,10.0,10.0,50.0,PrimBox,
1017,1017,0,166.0,734.0,20.0,0.0,0.0,0.0,10.0,10.0,50.0,PrimBox,
1018,1018,0,913.0,788.0,20.0,0.0,0.0,0.0,10.0,10.0,50.0,PrimBox,
1019,1019,0,931.0,448.0,20.0,0.0,0.0,0.0,10.0,10.0,50.0,PrimBox,
1020,1020,0,1003.0,915.0,20.0,0.0,0.0,0.0,10.0,10.0,50.0,PrimBox,
1021,1021,0,440.0,70.0,20.0,0.0,0.0,0.0,10.0,10.0,50.0,PrimBox,
1022,1022,0,829.0,961.0,20.0,0.0,0.0,0.0,10.0,10.0,50.0,PrimBox,
1023,1023,0,660.0,443.0,20.0,0.0,0.0,0.0,10.0,10.0,50.0,PrimBox,
